1|8106|7696| 10 |
1|117229|12300| 70001 |
1|149732|11909| 90001 |
1|173236|11686| 100001 |
1|182316|11599| 110001 |
1|205450|11631| 120001 |
1|221909|11846| 130001 |
1|222187|19222| 130101 |
1|223589|18871| 130107 |
1|221888|44063| 130201 |
1|103957|60561| 60301 |
1|116573|57484| 70301 |
1|125244|52980| 70302 |
1|128229|58521| 80303 |
1|126441|63220| 80304 |
1|127475|62343| 80300 |
1|119269|54358| 70303 |
1|118466|56828| 70307 |
1|131704|61020| 80301 |
1|133759|62611| 80302 |
1|172470|53688| 100305 |
1|172349|62102| 100309 |
1|173751|50106| 100311 |
1|174930|53364| 100312 |
1|172277|55853| 100313 |
1|169441|56190| 100300 |
1|169695|60041| 100310 |
1|167866|51549| 100304 |
1|168241|54951| 100302 |
1|168259|54203| 100307 |
1|164687|52983| 100301 |
1|165086|52759| 100306 |
1|174930|59262| 100308 |
1|165598|49688| 100314 |
1|165613|49746| 100303 |
1|221907|60209| 130301 |
1|101325|69835| 60401 |
1|111586|73751| 60402 |
1|109307|66753| 60403 |
1|100425|80574| 60500 |
1|125115|70980| 70401 |
1|120519|72681| 70402 |
1|127651|78337| 70403 |
1|131210|78240| 80402 |
1|139883|72767| 80401 |
1|152756|76589| 90401 |
1|152504|69475| 90402 |
1|150336|80863| 90503 |
1|151719|72922| 90403 |
1|154384|76718| 90407 |
1|91268|94859| 50501 |
1|114872|86769| 70502 |
1|125908|85250| 70501 |
1|140285|87029| 80501 |
1|132347|87785| 80502 |
1|130491|81842| 80504 |
1|136368|83286| 80506 |
1|139684|91602| 80505 |
1|135313|87270| 80507 |
1|157150|92636| 90501 |
1|151236|88402| 90502 |
1|147002|82792| 80503 |
1|221836|92463| 130501 |
1|84152|100587| 50601 |
1|89646|103729| 50602 |
1|91413|97999| 50604 |
1|91376|99910| 50603 |
1|113751|103208| 70602 |
1|103963|102060| 60601 |
1|99217|100450| 60602 |
1|120057|110053| 70603 |
1|124186|102873| 70601 |
1|129770|105876| 80602 |
1|127336|109861| 70604 |
1|137413|105304| 80601 |
1|139174|100595| 80604 |
1|141471|106863| 80603 |
1|137088|110226| 80606 |
1|129803|110082| 80605 |
1|139382|107653| 80607 |
1|155507|112286| 90601 |
1|156597|103304| 90602 |
1|148236|107730| 90604 |
1|148811|103010| 90603 |
1|221736|108593| 130601 |
1|128702|120988| 80703 |
1|140576|115872| 80702 |
1|134197|127690| 80704 |
1|137804|127257| 80705 |
1|138250|123839| 80706 |
1|153276|120605| 90701 |
1|155071|126233| 90702 |
1|160455|128354| 90703 |
1|164561|118951| 100701 |
1|166548|124259| 100702 |
1|169467|128260| 100703 |
1|124117|132082| 70802 |
1|125380|141416| 70803 |
1|116607|141547| 70804 |
1|120264|140936| 70805 |
1|122044|138332| 70801 |
1|120828|137883| 70807 |
1|138975|142516| 80801 |
1|131423|141109| 80802 |
1|138308|135001| 80803 |
1|141613|133995| 80804 |
1|158560|141526| 90803 |
1|146832|135408| 90804 |
1|154029|139245| 90802 |
1|152297|131439| 90801 |
1|162713|131612| 100802 |
1|162857|137374| 100803 |
1|217722|137095| 130801 |
1|217924|137022| 130802 |
1|120813|155476| 70901 |
1|139852|151536| 80901 |
1|133176|155759| 80902 |
1|149892|152082| 90902 |
1|154116|150963| 90903 |
1|154415|153725| 90904 |
1|156636|154381| 90905 |
1|151071|146430| 90901 |
1|189632|156959|110900|
1|209664|145152| 130901 |
1|218019|153126| 130902 |
1|168934|62627|100315|
1|167366|60506|100316|
1|173658|63676|100317|
1|140102|102581|80611|