2025-09-20 00:00:04	10988	104	0	0	0	0	0	55388	7344	74095	0	0	0				
2025-09-20 00:01:04	10988	104	0	0	0	0	0	55376	7344	74095	0	0	0				
2025-09-20 00:02:04	10988	104	0	0	0	0	1	55424	7344	74095	0	0	0				
2025-09-20 00:03:05	10988	104	0	0	0	0	0	55444	7344	74095	0	0	0				
2025-09-20 00:04:05	10988	104	0	0	0	0	0	55444	7344	74095	0	0	0				
2025-09-20 00:05:05	10988	104	0	0	0	0	0	55480	7344	74095	0	0	0				
2025-09-20 00:06:05	10988	104	0	0	0	0	0	54960	7344	74095	0	0	0				
2025-09-20 00:07:05	10988	104	0	0	0	0	0	54992	7344	74095	0	0	0				
2025-09-20 00:08:05	10988	104	0	0	0	0	0	55052	7344	74095	0	0	0				
2025-09-20 00:09:05	10988	104	0	0	0	0	0	55060	7344	74095	0	0	0				
2025-09-20 00:10:05	10988	104	0	0	0	0	0	55080	7344	74095	0	0	0				
2025-09-20 00:11:05	10988	104	0	0	0	0	0	53560	7344	74095	0	0	0				
2025-09-20 00:12:05	10988	104	0	0	0	0	0	53604	7344	74095	0	0	0				
2025-09-20 00:13:05	10988	104	0	0	0	0	0	53632	7344	74095	0	0	0				
2025-09-20 00:14:05	10988	104	0	0	0	0	0	53688	7344	74095	0	0	0				
2025-09-20 00:15:05	10988	104	0	0	0	0	0	53744	7344	74095	0	0	0				
2025-09-20 00:16:05	10988	104	0	0	0	0	0	53476	7344	74095	0	0	0				
2025-09-20 00:17:05	10988	104	0	0	0	0	0	53512	7344	74095	0	0	0				
2025-09-20 00:18:05	10988	104	0	0	0	0	0	53556	7344	74095	0	0	0				
2025-09-20 00:19:05	10988	104	0	0	0	0	0	53596	7344	74095	0	0	0				
2025-09-20 00:20:05	10988	104	0	0	0	0	0	53628	7344	74095	0	0	0				
2025-09-20 00:21:05	10988	104	0	0	0	0	0	53640	7344	74095	0	0	0				
2025-09-20 00:22:05	10988	104	0	0	0	0	0	53684	7344	74095	0	0	0				
2025-09-20 00:23:05	10988	104	0	0	0	0	0	53704	7344	74095	0	0	0				
2025-09-20 00:24:05	10988	104	0	0	0	0	0	53716	7344	74095	0	0	0				
