2025-09-24 03:00:51	11132	104	0	0	0	0	0	68316	199704	1488887	0	0	0				
2025-09-24 03:01:51	11132	104	0	0	0	0	0	68200	199704	1488887	0	0	0				
2025-09-24 03:02:51	11132	104	0	0	0	0	0	68248	199704	1488887	0	0	0				
2025-09-24 03:03:51	11132	104	0	0	0	0	0	68260	199704	1488887	0	0	0				
2025-09-24 03:04:51	11132	104	0	0	0	0	0	68276	199704	1488887	0	0	0				
2025-09-24 03:05:51	11132	104	0	0	0	0	0	68308	199704	1488887	0	0	0				
2025-09-24 03:06:51	11132	104	0	0	0	0	0	69024	199704	1488887	0	0	0				
2025-09-24 03:07:51	11132	104	0	0	0	0	0	69060	199704	1488887	0	0	0				
2025-09-24 03:08:51	11132	104	0	0	0	0	0	69088	199704	1488887	0	0	0				
2025-09-24 03:09:51	11132	104	0	0	0	0	0	69108	199704	1488887	0	0	0				
2025-09-24 03:10:51	11132	104	0	0	0	0	0	69112	199704	1488887	0	0	0				
2025-09-24 03:11:51	11132	104	0	0	0	0	0	69136	199704	1488887	0	0	0				
2025-09-24 03:12:51	11132	104	0	0	0	0	0	69148	199704	1488887	0	0	0				
2025-09-24 03:13:51	11132	104	0	0	0	0	0	69156	199704	1488887	0	0	0				
2025-09-24 03:14:51	11132	104	0	0	0	0	0	69144	199704	1488887	0	0	0				
2025-09-24 03:15:51	11132	104	0	0	0	0	0	69172	199704	1488887	0	0	0				
2025-09-24 03:16:51	11132	104	0	0	0	0	0	69208	199704	1488887	0	0	0				
2025-09-24 03:17:51	11132	104	0	0	0	0	0	69216	199704	1488887	0	0	0				
2025-09-24 03:18:51	11132	104	0	0	0	0	0	69228	199704	1488887	0	0	0				
2025-09-24 03:19:51	11132	104	0	0	0	0	0	69240	199704	1488887	0	0	0				
2025-09-24 03:20:51	11132	104	0	0	0	0	0	69508	199704	1488887	0	0	0				
2025-09-24 03:21:52	11132	104	0	0	0	0	0	70236	199704	1488887	0	0	0				
2025-09-24 03:22:52	11132	104	0	0	0	0	0	70492	199704	1488887	0	0	0				
2025-09-24 03:23:52	11132	104	0	0	0	0	0	71364	199704	1488887	0	0	0				
2025-09-24 03:24:52	11132	104	0	0	0	0	0	71972	199704	1488887	0	0	0				
2025-09-24 03:25:52	11132	104	0	0	0	0	0	71980	199704	1488887	0	0	0				
2025-09-24 03:26:52	11132	104	0	0	0	0	0	72000	199704	1488887	0	0	0				
2025-09-24 03:27:52	11132	104	0	0	0	0	0	72016	199704	1488887	0	0	0				
2025-09-24 03:28:52	11132	104	0	0	0	0	0	72016	199704	1488887	0	0	0				
2025-09-24 03:29:52	11132	104	0	0	0	0	0	71996	199704	1488887	0	0	0				
2025-09-24 03:30:52	11132	104	0	0	0	0	0	72000	199704	1488887	0	0	0				
2025-09-24 03:31:52	11132	104	0	0	0	0	0	72004	199704	1488887	0	0	0				
2025-09-24 03:32:52	11132	104	0	0	0	0	0	72008	199704	1488887	0	0	0				
2025-09-24 03:33:52	11132	104	0	0	0	0	0	72008	199704	1488887	0	0	0				
2025-09-24 03:34:52	11132	104	0	0	0	0	0	72008	199704	1488887	0	0	0				
2025-09-24 03:35:52	11132	104	0	0	0	0	0	72012	199704	1488887	0	0	0				
2025-09-24 03:36:52	11132	104	0	0	0	0	0	72012	199704	1488887	0	0	0				
2025-09-24 03:37:52	11132	104	0	0	0	0	0	72016	199704	1488887	0	0	0				
2025-09-24 03:38:52	11132	104	0	0	0	0	0	72016	199704	1488887	0	0	0				
2025-09-24 03:39:52	11132	104	0	0	0	0	0	72016	199704	1488887	0	0	0				
2025-09-24 03:40:52	11132	104	0	0	0	0	0	72024	199704	1488887	0	0	0				
2025-09-24 03:41:52	11132	104	0	0	0	0	0	72032	199704	1488887	0	0	0				
2025-09-24 03:42:52	11132	104	0	0	0	0	0	72032	199704	1488887	0	0	0				
2025-09-24 03:43:52	11132	104	0	0	0	0	0	72032	199704	1488887	0	0	0				
2025-09-24 03:44:52	11132	104	0	0	0	0	0	72012	199704	1488887	0	0	0				
2025-09-24 03:45:52	11132	104	0	0	0	0	0	72016	199704	1488887	0	0	0				
2025-09-24 03:46:52	11132	104	0	0	0	0	0	72028	199704	1488887	0	0	0				
2025-09-24 03:47:52	11132	104	0	0	0	0	0	72032	199704	1488887	0	0	0				
2025-09-24 03:48:52	11132	104	0	0	0	0	0	72048	199704	1488887	0	0	0				
2025-09-24 03:49:52	11132	104	0	0	0	0	0	72052	199704	1488887	0	0	0				
2025-09-24 03:50:52	11132	104	0	0	0	0	0	72052	199704	1488887	0	0	0				
2025-09-24 03:51:52	11132	104	0	0	0	0	0	72080	199704	1488887	0	0	0				
2025-09-24 03:52:52	11132	104	0	0	0	0	0	72080	199704	1488887	0	0	0				
2025-09-24 03:53:52	11132	104	0	0	0	0	0	72080	199704	1488887	0	0	0				
2025-09-24 03:54:52	11132	104	0	0	0	0	0	72088	199704	1488887	0	0	0				
2025-09-24 03:55:52	11132	104	0	0	0	0	0	72088	199704	1488887	0	0	0				
2025-09-24 03:56:52	11132	104	0	0	0	0	0	72088	199704	1488887	0	0	0				
2025-09-24 03:57:52	11132	104	0	0	0	0	0	72088	199704	1488887	0	0	0				
2025-09-24 03:58:52	11132	104	0	0	0	0	0	72096	199704	1488887	0	0	0				
2025-09-24 03:59:52	11132	104	0	0	0	0	0	72072	199704	1488887	0	0	0				
