2025-09-26 06:00:26	1848	104	0	0	0	0	0	74328	5715	179788	0	0	0				
2025-09-26 06:01:26	1848	104	0	0	0	0	0	74332	5715	179788	0	0	0				
2025-09-26 06:02:26	1848	104	0	0	0	0	0	74332	5715	179788	0	0	0				
2025-09-26 06:03:26	1848	104	0	0	0	0	0	74332	5715	179788	0	0	0				
2025-09-26 06:04:26	1848	104	0	0	0	0	0	74332	5715	179788	0	0	0				
2025-09-26 06:05:26	1848	104	0	0	0	0	0	74332	5715	179788	0	0	0				
2025-09-26 06:06:26	1848	104	0	0	0	0	0	74316	5715	179788	0	0	0				
2025-09-26 06:07:26	1848	104	0	0	0	0	0	74320	5715	179788	0	0	0				
2025-09-26 06:08:26	1848	104	0	0	0	0	0	74324	5715	179788	0	0	0				
2025-09-26 06:09:26	1848	104	0	0	0	0	0	74324	5715	179788	0	0	0				
2025-09-26 06:10:26	1848	104	0	0	0	0	0	74324	5715	179788	0	0	0				
2025-09-26 06:11:26	1848	104	0	0	0	0	0	74324	5715	179788	0	0	0				
2025-09-26 06:12:26	1848	104	0	0	0	0	1	74328	5715	179788	0	0	0				
2025-09-26 06:13:26	1848	104	0	0	0	0	0	74328	5715	179788	0	0	0				
2025-09-26 06:14:26	1848	104	0	0	0	0	0	74328	5715	179788	0	0	0				
2025-09-26 06:15:26	1848	104	0	0	0	0	0	74332	5715	179788	0	0	0				
2025-09-26 06:16:26	1848	104	0	0	0	0	0	74336	5715	179788	0	0	0				
2025-09-26 06:17:26	1848	104	0	0	0	0	0	74336	5715	179788	0	0	0				
2025-09-26 06:18:26	1848	104	0	0	0	0	0	74336	5715	179788	0	0	0				
2025-09-26 06:19:26	1848	104	0	0	0	0	0	74336	5715	179788	0	0	0				
2025-09-26 06:20:26	1848	104	0	0	0	0	1	74336	5715	179788	0	0	0				
2025-09-26 06:21:26	1848	104	0	0	0	0	0	74308	5715	179788	0	0	0				
2025-09-26 06:22:26	1848	104	0	0	0	0	0	74324	5715	179788	0	0	0				
2025-09-26 06:23:26	1848	104	0	0	0	0	0	74332	5715	179788	0	0	0				
2025-09-26 06:24:26	1848	104	0	0	0	0	0	74336	5715	179788	0	0	0				
2025-09-26 06:25:26	1848	104	0	0	0	0	0	74336	5715	179788	0	0	0				
2025-09-26 06:26:26	1848	104	0	0	0	0	0	74340	5715	179788	0	0	0				
2025-09-26 06:27:26	1848	104	0	0	0	0	0	74340	5715	179788	0	0	0				
2025-09-26 06:28:26	1848	104	0	0	0	0	0	74344	5715	179788	0	0	0				
2025-09-26 06:29:26	1848	104	0	0	0	0	0	74344	5715	179788	0	0	0				
2025-09-26 06:30:26	1848	104	0	0	0	0	0	74348	5715	179788	0	0	0				
2025-09-26 06:31:26	1848	104	0	0	0	0	0	74348	5715	179788	0	0	0				
2025-09-26 06:32:26	1848	104	0	0	0	0	0	74348	5715	179788	0	0	0				
2025-09-26 06:33:26	1848	104	0	0	0	0	0	74348	5715	179788	0	0	0				
2025-09-26 06:34:26	1848	104	0	0	0	0	0	74348	5715	179788	0	0	0				
2025-09-26 06:35:26	1848	104	0	0	0	0	0	74348	5715	179788	0	0	0				
2025-09-26 06:36:26	1848	104	0	0	0	0	0	74324	5715	179788	0	0	0				
2025-09-26 06:37:26	1848	104	0	0	0	0	0	74332	5715	179788	0	0	0				
2025-09-26 06:38:26	1848	104	0	0	0	0	0	74336	5715	179788	0	0	0				
2025-09-26 06:39:26	1848	104	0	0	0	0	0	74336	5715	179788	0	0	0				
2025-09-26 06:40:26	1848	104	0	0	0	0	0	74336	5715	179788	0	0	0				
2025-09-26 06:41:26	1848	104	0	0	0	0	0	74340	5715	179788	0	0	0				
2025-09-26 06:42:26	1848	104	0	0	0	0	0	74340	5715	179788	0	0	0				
2025-09-26 06:43:26	1848	104	0	0	0	0	0	74340	5715	179788	0	0	0				
2025-09-26 06:44:26	1848	104	0	0	0	0	0	74340	5715	179788	0	0	0				
2025-09-26 06:45:26	1848	104	0	0	0	0	0	74340	5715	179788	0	0	0				
2025-09-26 06:46:26	1848	104	0	0	0	0	0	74340	5715	179788	0	0	0				
2025-09-26 06:47:26	1848	104	0	0	0	0	0	74344	5715	179788	0	0	0				
2025-09-26 06:48:26	1848	104	0	0	0	0	0	74344	5715	179788	0	0	0				
2025-09-26 06:49:26	1848	104	0	0	0	0	0	74344	5715	179788	0	0	0				
2025-09-26 06:50:26	1848	104	0	0	0	0	0	74348	5715	179788	0	0	0				
2025-09-26 06:51:26	1848	104	0	0	0	0	0	74324	5715	179788	0	0	0				
2025-09-26 06:52:26	1848	104	0	0	0	0	0	74332	5715	179788	0	0	0				
2025-09-26 06:53:27	1848	104	0	0	0	0	0	74332	5715	179788	0	0	0				
2025-09-26 06:54:27	1848	104	0	0	0	0	0	74332	5715	179788	0	0	0				
2025-09-26 06:55:27	1848	104	0	0	0	0	0	74336	5715	179788	0	0	0				
2025-09-26 06:56:27	1848	104	0	0	0	0	0	74336	5715	179788	0	0	0				
2025-09-26 06:57:27	1848	104	0	0	0	0	0	74336	5715	179788	0	0	0				
2025-09-26 06:58:27	1848	104	0	0	0	0	0	74336	5715	179788	0	0	0				
2025-09-26 06:59:27	1848	104	0	0	0	0	0	74344	5715	179788	0	0	0				
