2025-10-06 23:00:23	23872	104	0	0	0	0	0	1436668	44396	5917009	0	0	0				
2025-10-06 23:01:23	23872	104	0	0	0	0	0	1436728	44396	5917009	0	0	0				
2025-10-06 23:02:23	23872	104	0	0	0	0	0	1436728	44396	5917009	0	0	0				
2025-10-06 23:03:23	23872	104	0	0	0	0	0	1436696	44396	5917009	0	0	0				
2025-10-06 23:04:23	23872	104	0	0	0	0	0	1436696	44396	5917009	0	0	0				
2025-10-06 23:05:23	23872	104	0	0	0	0	0	1221920	44396	5917009	0	0	0				
2025-10-06 23:06:24	23872	104	0	0	0	0	0	1221928	44396	5917009	0	0	0				
2025-10-06 23:07:24	23872	104	0	0	0	0	0	1221932	44396	5917009	0	0	0				
2025-10-06 23:08:24	23872	104	0	0	0	0	0	1221936	44396	5917009	0	0	0				
2025-10-06 23:09:24	23872	104	0	0	0	0	0	1221936	44396	5917009	0	0	0				
2025-10-06 23:10:24	23872	104	0	0	0	0	0	1221936	44396	5917009	0	0	0				
2025-10-06 23:11:24	23872	104	0	0	0	0	0	1221936	44396	5917009	0	0	0				
