2025-09-19 05:00:39	9024	104	0	0	0	0	0	652456	641	2381	0	0	0				
2025-09-19 05:01:39	9024	104	0	0	0	0	0	652456	641	2381	0	0	0				
2025-09-19 05:02:39	9024	104	0	0	0	0	0	652460	641	2381	0	0	0				
2025-09-19 05:03:39	9024	104	0	0	0	0	0	652460	641	2381	0	0	0				
2025-09-19 05:04:39	9024	104	0	0	0	0	0	652460	641	2381	0	0	0				
2025-09-19 05:05:39	9024	104	0	0	0	0	0	652460	641	2381	0	0	0				
2025-09-19 05:06:39	9024	104	0	0	0	0	0	652460	641	2381	0	0	0				
2025-09-19 05:07:39	9024	104	0	0	0	0	0	652460	641	2381	0	0	0				
2025-09-19 05:08:39	9024	104	0	0	0	0	0	652460	641	2381	0	0	0				
2025-09-19 05:09:39	9024	104	0	0	0	0	0	652460	641	2381	0	0	0				
2025-09-19 05:10:39	9024	104	0	0	0	0	0	652416	641	2381	0	0	0				
2025-09-19 05:11:39	9024	104	0	0	0	0	0	652440	641	2381	0	0	0				
2025-09-19 05:12:39	9024	104	0	0	0	0	0	652444	641	2381	0	0	0				
2025-09-19 05:13:39	9024	104	0	0	0	0	0	652452	641	2381	0	0	0				
2025-09-19 05:14:39	9024	104	0	0	0	0	0	652456	641	2381	0	0	0				
2025-09-19 05:15:39	9024	104	0	0	0	0	0	652456	641	2381	0	0	0				
2025-09-19 05:16:39	9024	104	0	0	0	0	0	652456	641	2381	0	0	0				
2025-09-19 05:17:39	9024	104	0	0	0	0	0	652456	641	2381	0	0	0				
2025-09-19 05:18:39	9024	104	0	0	0	0	0	652456	641	2381	0	0	0				
2025-09-19 05:19:39	9024	104	0	0	0	0	0	652456	641	2381	0	0	0				
2025-09-19 05:20:39	9024	104	0	0	0	0	0	652460	641	2381	0	0	0				
2025-09-19 05:21:39	9024	104	0	0	0	0	0	652460	641	2381	0	0	0				
2025-09-19 05:22:39	9024	104	0	0	0	0	0	652464	641	2381	0	0	0				
2025-09-19 05:23:39	9024	104	0	0	0	0	0	652464	641	2381	0	0	0				
2025-09-19 05:24:39	9024	104	0	0	0	0	0	652464	641	2381	0	0	0				
2025-09-19 05:25:39	9024	104	0	0	0	0	0	652464	641	2381	0	0	0				
2025-09-19 05:26:39	9024	104	0	0	0	0	0	652460	641	2381	0	0	0				
2025-09-19 05:27:39	9024	104	0	0	0	0	0	652468	641	2381	0	0	0				
2025-09-19 05:28:39	9024	104	0	0	0	0	0	652472	641	2381	0	0	0				
2025-09-19 05:29:39	9024	104	0	0	0	0	0	652472	641	2381	0	0	0				
2025-09-19 05:30:39	9024	104	0	0	0	0	0	652472	641	2381	0	0	0				
2025-09-19 05:31:39	9024	104	0	0	0	0	0	652476	641	2381	0	0	0				
2025-09-19 05:32:39	9024	104	0	0	0	0	0	652476	641	2381	0	0	0				
2025-09-19 05:33:39	9024	104	0	0	0	0	0	652476	641	2381	0	0	0				
2025-09-19 05:34:39	9024	104	0	0	0	0	0	652476	641	2381	0	0	0				
2025-09-19 05:35:39	9024	104	0	0	0	0	0	652476	641	2381	0	0	0				
2025-09-19 05:36:39	9024	104	0	0	0	0	0	652476	641	2381	0	0	0				
2025-09-19 05:37:39	9024	104	0	0	0	0	0	652476	641	2381	0	0	0				
2025-09-19 05:38:39	9024	104	0	0	0	0	0	652476	641	2381	0	0	0				
2025-09-19 05:39:39	9024	104	0	0	0	0	0	652476	641	2381	0	0	0				
2025-09-19 05:40:39	9024	104	0	0	0	0	0	652476	641	2381	0	0	0				
2025-09-19 05:41:39	9024	104	0	0	0	0	0	652456	641	2381	0	0	0				
2025-09-19 05:42:39	9024	104	0	0	0	0	0	652464	641	2381	0	0	0				
2025-09-19 05:43:39	9024	104	0	0	0	0	0	652464	641	2381	0	0	0				
2025-09-19 05:44:39	9024	104	0	0	0	0	0	652468	641	2381	0	0	0				
2025-09-19 05:45:39	9024	104	0	0	0	0	0	652468	641	2381	0	0	0				
2025-09-19 05:46:39	9024	104	0	0	0	0	0	652472	641	2381	0	0	0				
2025-09-19 05:47:39	9024	104	0	0	0	0	1	652472	641	2381	0	0	0				
2025-09-19 05:48:39	9024	104	0	0	0	0	0	652472	641	2381	0	0	0				
2025-09-19 05:49:39	9024	104	0	0	0	0	0	652476	641	2381	0	0	0				
2025-09-19 05:50:39	9024	104	0	0	0	0	0	652476	641	2381	0	0	0				
2025-09-19 05:51:39	9024	104	0	0	0	0	0	652476	641	2381	0	0	0				
2025-09-19 05:52:39	9024	104	0	0	0	0	0	652476	641	2381	0	0	0				
2025-09-19 05:53:39	9024	104	0	0	0	0	0	652476	641	2381	0	0	0				
2025-09-19 05:54:39	9024	104	0	0	0	0	0	652476	641	2381	0	0	0				
2025-09-19 05:55:40	9024	104	0	0	0	0	0	652476	641	2381	0	0	0				
2025-09-19 05:56:40	9024	104	0	0	0	0	0	652456	641	2381	0	0	0				
2025-09-19 05:57:40	9024	104	0	0	0	0	0	652464	641	2381	0	0	0				
2025-09-19 05:58:40	9024	104	0	0	0	0	0	652464	641	2381	0	0	0				
2025-09-19 05:59:40	9024	104	0	0	0	0	0	652464	641	2381	0	0	0				
