2025-09-19 00:00:37	9024	104	0	0	0	0	0	650328	641	2381	0	0	0				
2025-09-19 00:01:37	9024	104	0	0	0	0	0	650336	641	2381	0	0	0				
2025-09-19 00:02:37	9024	104	0	0	0	0	0	650348	641	2381	0	0	0				
2025-09-19 00:03:37	9024	104	0	0	0	0	0	650352	641	2381	0	0	0				
2025-09-19 00:04:37	9024	104	0	0	0	0	0	650352	641	2381	0	0	0				
2025-09-19 00:05:37	9024	104	0	0	0	0	0	650352	641	2381	0	0	0				
2025-09-19 00:06:37	9024	104	0	0	0	0	0	650352	641	2381	0	0	0				
2025-09-19 00:07:37	9024	104	0	0	0	0	0	650352	641	2381	0	0	0				
2025-09-19 00:08:37	9024	104	0	0	0	0	0	650356	641	2381	0	0	0				
2025-09-19 00:09:37	9024	104	0	0	0	0	0	650356	641	2381	0	0	0				
2025-09-19 00:10:37	9024	104	0	0	0	0	0	650296	641	2381	0	0	0				
2025-09-19 00:11:37	9024	104	0	0	0	0	0	650316	641	2381	0	0	0				
2025-09-19 00:12:37	9024	104	0	0	0	0	1	650328	641	2381	0	0	0				
2025-09-19 00:13:37	9024	104	0	0	0	0	0	650328	641	2381	0	0	0				
2025-09-19 00:14:37	9024	104	0	0	0	0	0	650332	641	2381	0	0	0				
2025-09-19 00:15:37	9024	104	0	0	0	0	0	650336	641	2381	0	0	0				
2025-09-19 00:16:37	9024	104	0	0	0	0	0	650336	641	2381	0	0	0				
2025-09-19 00:17:37	9024	104	0	0	0	0	0	650340	641	2381	0	0	0				
2025-09-19 00:18:37	9024	104	0	0	0	0	0	650344	641	2381	0	0	0				
2025-09-19 00:19:37	9024	104	0	0	0	0	0	650348	641	2381	0	0	0				
2025-09-19 00:20:37	9024	104	0	0	0	0	0	650356	641	2381	0	0	0				
2025-09-19 00:21:37	9024	104	0	0	0	0	0	650356	641	2381	0	0	0				
2025-09-19 00:22:37	9024	104	0	0	0	0	0	650360	641	2381	0	0	0				
2025-09-19 00:23:37	9024	104	0	0	0	0	0	650364	641	2381	0	0	0				
2025-09-19 00:24:37	9024	104	0	0	0	0	0	650368	641	2381	0	0	0				
2025-09-19 00:25:37	9024	104	0	0	0	0	0	650340	641	2381	0	0	0				
2025-09-19 00:26:37	9024	104	0	0	0	0	0	650352	641	2381	0	0	0				
2025-09-19 00:27:37	9024	104	0	0	0	0	0	650352	641	2381	0	0	0				
2025-09-19 00:28:37	9024	104	0	0	0	0	0	650352	641	2381	0	0	0				
2025-09-19 00:29:37	9024	104	0	0	0	0	0	650360	641	2381	0	0	0				
2025-09-19 00:30:37	9024	104	0	0	0	0	0	650360	641	2381	0	0	0				
2025-09-19 00:31:37	9024	104	0	0	0	0	0	650360	641	2381	0	0	0				
2025-09-19 00:32:37	9024	104	0	0	0	0	0	650360	641	2381	0	0	0				
2025-09-19 00:33:37	9024	104	0	0	0	0	1	650360	641	2381	0	0	0				
2025-09-19 00:34:37	9024	104	0	0	0	0	0	650360	641	2381	0	0	0				
2025-09-19 00:35:37	9024	104	0	0	0	0	0	650364	641	2381	0	0	0				
2025-09-19 00:36:37	9024	104	0	0	0	0	0	650364	641	2381	0	0	0				
2025-09-19 00:37:37	9024	104	0	0	0	0	0	650380	641	2381	0	0	0				
2025-09-19 00:38:37	9024	104	0	0	0	0	0	650396	641	2381	0	0	0				
2025-09-19 00:39:37	9024	104	0	0	0	0	0	650400	641	2381	0	0	0				
2025-09-19 00:40:37	9024	104	0	0	0	0	0	650376	641	2381	0	0	0				
2025-09-19 00:41:37	9024	104	0	0	0	0	0	650388	641	2381	0	0	0				
2025-09-19 00:42:37	9024	104	0	0	0	0	0	650404	641	2381	0	0	0				
2025-09-19 00:43:37	9024	104	0	0	0	0	0	650404	641	2381	0	0	0				
2025-09-19 00:44:37	9024	104	0	0	0	0	0	650408	641	2381	0	0	0				
2025-09-19 00:45:37	9024	104	0	0	0	0	0	650408	641	2381	0	0	0				
2025-09-19 00:46:37	9024	104	0	0	0	0	0	650412	641	2381	0	0	0				
2025-09-19 00:47:37	9024	104	0	0	0	0	0	650416	641	2381	0	0	0				
2025-09-19 00:48:37	9024	104	0	0	0	0	0	650416	641	2381	0	0	0				
2025-09-19 00:49:37	9024	104	0	0	0	0	0	650488	641	2381	0	0	0				
2025-09-19 00:50:37	9024	104	0	0	0	0	0	650496	641	2381	0	0	0				
2025-09-19 00:51:37	9024	104	0	0	0	0	0	650496	641	2381	0	0	0				
2025-09-19 00:52:37	9024	104	0	0	0	0	0	650496	641	2381	0	0	0				
2025-09-19 00:53:37	9024	104	0	0	0	0	0	650496	641	2381	0	0	0				
2025-09-19 00:54:37	9024	104	0	0	0	0	0	650496	641	2381	0	0	0				
2025-09-19 00:55:37	9024	104	0	0	0	0	0	650460	641	2381	0	0	0				
2025-09-19 00:56:37	9024	104	0	0	0	0	0	650488	641	2381	0	0	0				
2025-09-19 00:57:37	9024	104	0	0	0	0	0	650492	641	2381	0	0	0				
2025-09-19 00:58:37	9024	104	0	0	0	0	0	650500	641	2381	0	0	0				
2025-09-19 00:59:37	9024	104	0	0	0	0	0	650500	641	2381	0	0	0				
