2025-09-25 22:00:22	1848	104	0	0	0	0	0	70416	5688	179788	0	0	0				
2025-09-25 22:01:22	1848	104	0	0	0	0	0	70420	5688	179788	0	0	0				
2025-09-25 22:02:22	1848	104	0	0	0	0	0	70424	5688	179788	0	0	0				
2025-09-25 22:03:22	1848	104	0	0	0	0	0	70424	5688	179788	0	0	0				
2025-09-25 22:04:22	1848	104	0	0	0	0	0	70436	5688	179788	0	0	0				
2025-09-25 22:05:22	1848	104	0	0	0	0	0	70436	5688	179788	0	0	0				
2025-09-25 22:06:22	1848	104	0	0	0	0	0	70416	5688	179788	0	0	0				
2025-09-25 22:07:22	1848	104	0	0	0	0	0	70436	5688	179788	0	0	0				
2025-09-25 22:08:22	1848	104	0	0	0	0	0	70444	5688	179788	0	0	0				
2025-09-25 22:09:22	1848	104	0	0	0	0	0	70452	5688	179788	0	0	0				
2025-09-25 22:10:22	1848	104	0	0	0	0	0	70456	5688	179788	0	0	0				
2025-09-25 22:11:22	1848	104	0	0	0	0	0	70456	5688	179788	0	0	0				
2025-09-25 22:12:22	1848	104	0	0	0	0	0	70460	5688	179788	0	0	0				
2025-09-25 22:13:22	1848	104	0	0	0	0	0	70460	5688	179788	0	0	0				
2025-09-25 22:14:22	1848	104	0	0	0	0	0	70468	5688	179788	0	0	0				
2025-09-25 22:15:22	1848	104	0	0	0	0	0	70472	5688	179788	0	0	0				
2025-09-25 22:16:22	1848	104	0	0	0	0	0	70476	5688	179788	0	0	0				
2025-09-25 22:17:22	1848	104	0	0	0	0	0	70476	5688	179788	0	0	0				
2025-09-25 22:18:22	1848	104	0	0	0	0	0	70488	5688	179788	0	0	0				
2025-09-25 22:19:22	1848	104	0	0	0	0	0	70508	5688	179788	0	0	0				
2025-09-25 22:20:22	1848	104	0	0	0	0	0	71188	5715	179788	0	0	0				
2025-09-25 22:21:22	1848	104	0	0	0	0	0	71200	5715	179788	0	0	0				
2025-09-25 22:22:22	1848	104	0	0	0	0	0	71204	5715	179788	0	0	0				
2025-09-25 22:23:22	1848	104	0	0	0	0	0	71208	5715	179788	0	0	0				
2025-09-25 22:24:22	1848	104	0	0	0	0	1	71208	5715	179788	0	0	0				
2025-09-25 22:25:22	1848	104	0	0	0	0	0	68772	5715	179788	0	0	0				
2025-09-25 22:26:22	1848	104	0	0	0	0	0	68764	5715	179788	0	0	0				
2025-09-25 22:27:22	1848	104	0	0	0	0	0	68772	5715	179788	0	0	0				
2025-09-25 22:28:22	1848	104	0	0	0	0	0	68780	5715	179788	0	0	0				
2025-09-25 22:29:22	1848	104	0	0	0	0	0	68800	5715	179788	0	0	0				
2025-09-25 22:30:22	1848	104	0	0	0	0	0	68804	5715	179788	0	0	0				
2025-09-25 22:31:22	1848	104	0	0	0	0	0	68828	5715	179788	0	0	0				
2025-09-25 22:32:22	1848	104	0	0	0	0	0	69360	5715	179788	0	0	0				
2025-09-25 22:33:22	1848	104	0	0	0	0	1	69352	5715	179788	0	0	0				
2025-09-25 22:34:22	1848	104	0	0	0	0	0	69356	5715	179788	0	0	0				
2025-09-25 22:35:22	1848	104	0	0	0	0	0	69356	5715	179788	0	0	0				
2025-09-25 22:36:22	1848	104	0	0	0	0	0	69356	5715	179788	0	0	0				
2025-09-25 22:37:22	1848	104	0	0	0	0	0	69400	5715	179788	0	0	0				
2025-09-25 22:38:22	1848	104	0	0	0	0	0	69368	5715	179788	0	0	0				
2025-09-25 22:39:22	1848	104	0	0	0	0	0	69384	5715	179788	0	0	0				
2025-09-25 22:40:22	1848	104	0	0	0	0	0	69332	5715	179788	0	0	0				
2025-09-25 22:41:22	1848	104	0	0	0	0	0	69332	5715	179788	0	0	0				
2025-09-25 22:42:22	1848	104	0	0	0	0	0	69368	5715	179788	0	0	0				
2025-09-25 22:43:22	1848	104	0	0	0	0	0	69384	5715	179788	0	0	0				
2025-09-25 22:44:22	1848	104	0	0	0	0	0	69364	5715	179788	0	0	0				
2025-09-25 22:45:22	1848	104	0	0	0	0	0	69336	5715	179788	0	0	0				
2025-09-25 22:46:22	1848	104	0	0	0	0	0	69348	5715	179788	0	0	0				
2025-09-25 22:47:22	1848	104	0	0	0	0	0	69320	5715	179788	0	0	0				
2025-09-25 22:48:22	1848	104	0	0	0	0	0	69336	5715	179788	0	0	0				
2025-09-25 22:49:22	1848	104	0	0	0	0	0	69348	5715	179788	0	0	0				
2025-09-25 22:50:22	1848	104	0	0	0	0	1	69244	5715	179788	0	0	0				
2025-09-25 22:51:22	1848	104	0	0	0	0	1	69272	5715	179788	0	0	0				
2025-09-25 22:52:22	1848	104	0	0	0	0	0	69280	5715	179788	0	0	0				
2025-09-25 22:53:22	1848	104	0	0	0	0	0	69288	5715	179788	0	0	0				
2025-09-25 22:54:22	1848	104	0	0	0	0	0	69296	5715	179788	0	0	0				
2025-09-25 22:55:22	1848	104	0	0	0	0	0	69304	5715	179788	0	0	0				
2025-09-25 22:56:22	1848	104	0	0	0	0	0	69304	5715	179788	0	0	0				
2025-09-25 22:57:22	1848	104	0	0	0	0	0	69308	5715	179788	0	0	0				
2025-09-25 22:58:22	1848	104	0	0	0	0	0	69324	5715	179788	0	0	0				
2025-09-25 22:59:22	1848	104	0	0	0	0	0	69324	5715	179788	0	0	0				
