2025-09-24 00:00:50	11132	104	0	0	0	0	0	65912	199704	1488887	0	0	0				
2025-09-24 00:01:50	11132	104	0	0	0	0	0	65928	199704	1488887	0	0	0				
2025-09-24 00:02:50	11132	104	0	0	0	0	0	65928	199704	1488887	0	0	0				
2025-09-24 00:03:50	11132	104	0	0	0	0	0	65936	199704	1488887	0	0	0				
2025-09-24 00:04:50	11132	104	0	0	0	0	0	65720	199704	1488887	0	0	0				
2025-09-24 00:05:50	11132	104	0	0	0	0	1	65740	199704	1488887	0	0	0				
2025-09-24 00:06:50	11132	104	0	0	0	0	0	65740	199704	1488887	0	0	0				
2025-09-24 00:07:50	11132	104	0	0	0	0	0	65740	199704	1488887	0	0	0				
2025-09-24 00:08:50	11132	104	0	0	0	0	0	65756	199704	1488887	0	0	0				
2025-09-24 00:09:50	11132	104	0	0	0	0	0	65716	199704	1488887	0	0	0				
2025-09-24 00:10:50	11132	104	0	0	0	0	0	65716	199704	1488887	0	0	0				
2025-09-24 00:11:50	11132	104	0	0	0	0	0	65716	199704	1488887	0	0	0				
2025-09-24 00:12:50	11132	104	0	0	0	0	0	65716	199704	1488887	0	0	0				
2025-09-24 00:13:50	11132	104	0	0	0	0	0	65728	199704	1488887	0	0	0				
2025-09-24 00:14:50	11132	104	0	0	0	0	0	65716	199704	1488887	0	0	0				
2025-09-24 00:15:50	11132	104	0	0	0	0	0	65716	199704	1488887	0	0	0				
2025-09-24 00:16:50	11132	104	0	0	0	0	1	65716	199704	1488887	0	0	0				
2025-09-24 00:17:50	11132	104	0	0	0	0	0	65716	199704	1488887	0	0	0				
2025-09-24 00:18:50	11132	104	0	0	0	0	0	65724	199704	1488887	0	0	0				
2025-09-24 00:19:50	11132	104	0	0	0	0	0	65732	199704	1488887	0	0	0				
2025-09-24 00:20:50	11132	104	0	0	0	0	1	65756	199704	1488887	0	0	0				
2025-09-24 00:21:50	11132	104	0	0	0	0	0	65756	199704	1488887	0	0	0				
2025-09-24 00:22:50	11132	104	0	0	0	0	0	65756	199704	1488887	0	0	0				
2025-09-24 00:23:50	11132	104	0	0	0	0	0	65764	199704	1488887	0	0	0				
2025-09-24 00:24:50	11132	104	0	0	0	0	0	65764	199704	1488887	0	0	0				
2025-09-24 00:25:50	11132	104	0	0	0	0	0	65768	199704	1488887	0	0	0				
2025-09-24 00:26:50	11132	104	0	0	0	0	0	65772	199704	1488887	0	0	0				
2025-09-24 00:27:50	11132	104	0	0	0	0	0	65772	199704	1488887	0	0	0				
2025-09-24 00:28:50	11132	104	0	0	0	0	1	65776	199704	1488887	0	0	0				
2025-09-24 00:29:50	11132	104	0	0	0	0	0	65776	199704	1488887	0	0	0				
2025-09-24 00:30:50	11132	104	0	0	0	0	1	65792	199704	1488887	0	0	0				
2025-09-24 00:31:50	11132	104	0	0	0	0	0	65796	199704	1488887	0	0	0				
2025-09-24 00:32:50	11132	104	0	0	0	0	0	65804	199704	1488887	0	0	0				
2025-09-24 00:33:50	11132	104	0	0	0	0	0	65820	199704	1488887	0	0	0				
2025-09-24 00:34:50	11132	104	0	0	0	0	0	65824	199704	1488887	0	0	0				
2025-09-24 00:35:50	11132	104	0	0	0	0	0	65828	199704	1488887	0	0	0				
2025-09-24 00:36:50	11132	104	0	0	0	0	0	65828	199704	1488887	0	0	0				
2025-09-24 00:37:50	11132	104	0	0	0	0	0	65832	199704	1488887	0	0	0				
2025-09-24 00:38:50	11132	104	0	0	0	0	0	65832	199704	1488887	0	0	0				
2025-09-24 00:39:50	11132	104	0	0	0	0	0	65832	199704	1488887	0	0	0				
2025-09-24 00:40:50	11132	104	0	0	0	0	0	65832	199704	1488887	0	0	0				
2025-09-24 00:41:50	11132	104	0	0	0	0	0	65840	199704	1488887	0	0	0				
2025-09-24 00:42:50	11132	104	0	0	0	0	0	65848	199704	1488887	0	0	0				
2025-09-24 00:43:50	11132	104	0	0	0	0	0	65848	199704	1488887	0	0	0				
2025-09-24 00:44:50	11132	104	0	0	0	0	0	65684	199704	1488887	0	0	0				
2025-09-24 00:45:50	11132	104	0	0	0	0	0	65696	199704	1488887	0	0	0				
2025-09-24 00:46:50	11132	104	0	0	0	0	0	65696	199704	1488887	0	0	0				
2025-09-24 00:47:50	11132	104	0	0	0	0	0	65696	199704	1488887	0	0	0				
2025-09-24 00:48:50	11132	104	0	0	0	0	0	65704	199704	1488887	0	0	0				
2025-09-24 00:49:50	11132	104	0	0	0	0	1	65724	199704	1488887	0	0	0				
2025-09-24 00:50:50	11132	104	0	0	0	0	0	65732	199704	1488887	0	0	0				
2025-09-24 00:51:50	11132	104	0	0	0	0	0	65736	199704	1488887	0	0	0				
2025-09-24 00:52:50	11132	104	0	0	0	0	0	65744	199704	1488887	0	0	0				
2025-09-24 00:53:50	11132	104	0	0	0	0	1	66064	199704	1488887	0	0	0				
2025-09-24 00:54:50	11132	104	0	0	0	0	1	66456	199704	1488887	0	0	0				
2025-09-24 00:55:50	11132	104	0	0	0	0	1	66788	199704	1488887	0	0	0				
2025-09-24 00:56:50	11132	104	0	0	0	0	0	67012	199704	1488887	0	0	0				
2025-09-24 00:57:50	11132	104	0	0	0	0	0	67184	199704	1488887	0	0	0				
2025-09-24 00:58:50	11132	104	0	0	0	0	0	67360	199704	1488887	0	0	0				
2025-09-24 00:59:50	11132	104	0	0	0	0	0	67516	199704	1488887	0	0	0				
