2025-09-19 04:00:39	9024	104	0	0	0	0	0	651512	641	2381	0	0	0				
2025-09-19 04:01:39	9024	104	0	0	0	0	0	651512	641	2381	0	0	0				
2025-09-19 04:02:39	9024	104	0	0	0	0	0	651516	641	2381	0	0	0				
2025-09-19 04:03:39	9024	104	0	0	0	0	0	651516	641	2381	0	0	0				
2025-09-19 04:04:39	9024	104	0	0	0	0	0	651528	641	2381	0	0	0				
2025-09-19 04:05:39	9024	104	0	0	0	0	0	651528	641	2381	0	0	0				
2025-09-19 04:06:39	9024	104	0	0	0	0	0	651528	641	2381	0	0	0				
2025-09-19 04:07:39	9024	104	0	0	0	0	0	651528	641	2381	0	0	0				
2025-09-19 04:08:39	9024	104	0	0	0	0	0	651528	641	2381	0	0	0				
2025-09-19 04:09:39	9024	104	0	0	0	0	1	651528	641	2381	0	0	0				
2025-09-19 04:10:39	9024	104	0	0	0	0	0	651512	641	2381	0	0	0				
2025-09-19 04:11:39	9024	104	0	0	0	0	0	651532	641	2381	0	0	0				
2025-09-19 04:12:39	9024	104	0	0	0	0	0	651536	641	2381	0	0	0				
2025-09-19 04:13:39	9024	104	0	0	0	0	0	651548	641	2381	0	0	0				
2025-09-19 04:14:39	9024	104	0	0	0	0	0	651548	641	2381	0	0	0				
2025-09-19 04:15:39	9024	104	0	0	0	0	0	651552	641	2381	0	0	0				
2025-09-19 04:16:39	9024	104	0	0	0	0	0	651556	641	2381	0	0	0				
2025-09-19 04:17:39	9024	104	0	0	0	0	0	651560	641	2381	0	0	0				
2025-09-19 04:18:39	9024	104	0	0	0	0	0	651564	641	2381	0	0	0				
2025-09-19 04:19:39	9024	104	0	0	0	0	0	651564	641	2381	0	0	0				
2025-09-19 04:20:39	9024	104	0	0	0	0	0	651564	641	2381	0	0	0				
2025-09-19 04:21:39	9024	104	0	0	0	0	0	651564	641	2381	0	0	0				
2025-09-19 04:22:39	9024	104	0	0	0	0	0	651564	641	2381	0	0	0				
2025-09-19 04:23:39	9024	104	0	0	0	0	0	651564	641	2381	0	0	0				
2025-09-19 04:24:39	9024	104	0	0	0	0	0	651564	641	2381	0	0	0				
2025-09-19 04:25:39	9024	104	0	0	0	0	1	651540	641	2381	0	0	0				
2025-09-19 04:26:39	9024	104	0	0	0	0	0	651564	641	2381	0	0	0				
2025-09-19 04:27:39	9024	104	0	0	0	0	0	651968	641	2381	0	0	0				
2025-09-19 04:28:39	9024	104	0	0	0	0	0	652412	641	2381	0	0	0				
2025-09-19 04:29:39	9024	104	0	0	0	0	0	652456	641	2381	0	0	0				
2025-09-19 04:30:39	9024	104	0	0	0	0	0	652456	641	2381	0	0	0				
2025-09-19 04:31:39	9024	104	0	0	0	0	0	652456	641	2381	0	0	0				
2025-09-19 04:32:39	9024	104	0	0	0	0	0	652456	641	2381	0	0	0				
2025-09-19 04:33:39	9024	104	0	0	0	0	0	652456	641	2381	0	0	0				
2025-09-19 04:34:39	9024	104	0	0	0	0	0	652456	641	2381	0	0	0				
2025-09-19 04:35:39	9024	104	0	0	0	0	0	652456	641	2381	0	0	0				
2025-09-19 04:36:39	9024	104	0	0	0	0	0	652456	641	2381	0	0	0				
2025-09-19 04:37:39	9024	104	0	0	0	0	0	652456	641	2381	0	0	0				
2025-09-19 04:38:39	9024	104	0	0	0	0	0	652456	641	2381	0	0	0				
2025-09-19 04:39:39	9024	104	0	0	0	0	0	652460	641	2381	0	0	0				
2025-09-19 04:40:39	9024	104	0	0	0	0	0	652424	641	2381	0	0	0				
2025-09-19 04:41:39	9024	104	0	0	0	0	0	652448	641	2381	0	0	0				
2025-09-19 04:42:39	9024	104	0	0	0	0	0	652448	641	2381	0	0	0				
2025-09-19 04:43:39	9024	104	0	0	0	0	0	652448	641	2381	0	0	0				
2025-09-19 04:44:39	9024	104	0	0	0	0	0	652452	641	2381	0	0	0				
2025-09-19 04:45:39	9024	104	0	0	0	0	0	652452	641	2381	0	0	0				
2025-09-19 04:46:39	9024	104	0	0	0	0	0	652452	641	2381	0	0	0				
2025-09-19 04:47:39	9024	104	0	0	0	0	0	652452	641	2381	0	0	0				
2025-09-19 04:48:39	9024	104	0	0	0	0	0	652456	641	2381	0	0	0				
2025-09-19 04:49:39	9024	104	0	0	0	0	0	652456	641	2381	0	0	0				
2025-09-19 04:50:39	9024	104	0	0	0	0	0	652456	641	2381	0	0	0				
2025-09-19 04:51:39	9024	104	0	0	0	0	0	652460	641	2381	0	0	0				
2025-09-19 04:52:39	9024	104	0	0	0	0	0	652460	641	2381	0	0	0				
2025-09-19 04:53:39	9024	104	0	0	0	0	0	652460	641	2381	0	0	0				
2025-09-19 04:54:39	9024	104	0	0	0	0	0	652460	641	2381	0	0	0				
2025-09-19 04:55:39	9024	104	0	0	0	0	0	652408	641	2381	0	0	0				
2025-09-19 04:56:39	9024	104	0	0	0	0	0	652444	641	2381	0	0	0				
2025-09-19 04:57:39	9024	104	0	0	0	0	0	652448	641	2381	0	0	0				
2025-09-19 04:58:39	9024	104	0	0	0	0	0	652448	641	2381	0	0	0				
2025-09-19 04:59:39	9024	104	0	0	0	0	0	652452	641	2381	0	0	0				
