2025-09-18 22:38:20	12244	101	0	0	0	12244	0	0	0	0	0	0	0			Main	KitekatGS
2025-09-18 22:38:20	12244	102	0	0	0	0	0	0	0	0	0	0	0				START
2025-09-18 22:38:20	12264	101	0	0	0	12264	0	0	0	0	0	0	0			Scheduler 01	KitekatGS
2025-09-18 22:38:20	12264	104	0	0	0	0	0	10572	0	0	0	0	0				
2025-09-18 22:38:32	12260	101	0	0	0	12260	0	0	0	0	0	0	0			Scheduler 02	KitekatGS
2025-09-18 22:38:32	12260	3300	2016027	0	208	100000	0	259200	0	0	0	1	418	AutoRegister	SVR180000001		
2025-09-18 22:38:32	12260	3300	2016028	0	209	100000	0	259200	0	0	0	1	419	AutoRegister	SVR180000001		
2025-09-18 22:38:32	12260	3300	2016039	0	210	100000	0	259200	0	0	0	1	420	AutoRegister	SVR180000001		
2025-09-18 22:38:32	12260	3300	2016038	0	211	100000	0	259200	0	0	0	1	421	AutoRegister	SVR180000001		
2025-09-18 22:38:32	12260	3300	2016037	0	212	100000	0	259200	0	0	0	1	422	AutoRegister	SVR180000001		
2025-09-18 22:38:32	12260	3300	2016030	0	213	100000	0	259200	0	0	0	1	423	AutoRegister	SVR180000001		
2025-09-18 22:38:32	12260	3300	2016031	0	214	100000	0	259200	0	0	0	1	424	AutoRegister	SVR180000001		
2025-09-18 22:38:32	12260	3300	2016032	0	215	100000	0	259200	0	0	0	1	425	AutoRegister	SVR180000001		
2025-09-18 22:38:32	12260	3300	2016033	0	216	100000	0	259200	0	0	0	1	426	AutoRegister	SVR180000001		
2025-09-18 22:38:32	12260	3300	2016034	0	217	100000	0	259200	0	0	0	1	427	AutoRegister	SVR180000001		
2025-09-18 22:38:32	12260	3300	2016035	0	218	100000	0	259200	0	0	0	1	428	AutoRegister	SVR180000001		
2025-09-18 22:38:32	12260	3300	601100285	0	219	100000	0	259200	0	0	0	1	429	AutoRegister	SVR180000001		
2025-09-18 22:38:32	12260	3300	910005	0	220	100000	0	259200	0	0	0	1	430	AutoRegister	SVR180000001		
2025-09-18 22:38:32	12260	3300	950019	0	221	100000	0	259200	0	0	0	1	431	AutoRegister	SVR180000001		
2025-09-18 22:38:32	12260	3300	705008	0	222	100000	0	259200	0	0	0	1	432	AutoRegister	SVR180000001		
2025-09-18 22:38:32	12260	3300	2016027	0	223	100000	0	259200	0	0	0	1	433	AutoRegister	SVR180000001		
2025-09-18 22:38:32	12260	3300	2016028	0	224	100000	0	259200	0	0	0	1	434	AutoRegister	SVR180000001		
2025-09-18 22:38:32	12260	3300	2016039	0	225	100000	0	259200	0	0	0	1	435	AutoRegister	SVR180000001		
2025-09-18 22:38:32	12260	3300	2016038	0	226	100000	0	259200	0	0	0	1	436	AutoRegister	SVR180000001		
2025-09-18 22:38:32	12260	3300	2016037	0	227	100000	0	259200	0	0	0	1	437	AutoRegister	SVR180000001		
2025-09-18 22:38:32	12260	3300	2016030	0	228	100000	0	259200	0	0	0	1	438	AutoRegister	SVR180000001		
2025-09-18 22:38:32	12260	3300	2016031	0	229	100000	0	259200	0	0	0	1	439	AutoRegister	SVR180000001		
2025-09-18 22:38:32	12260	3300	2016032	0	230	100000	0	259200	0	0	0	1	440	AutoRegister	SVR180000001		
2025-09-18 22:38:32	12260	3300	2016033	0	231	100000	0	259200	0	0	0	1	441	AutoRegister	SVR180000001		
2025-09-18 22:38:32	12260	3300	2016034	0	232	100000	0	259200	0	0	0	1	442	AutoRegister	SVR180000001		
2025-09-18 22:38:32	12260	3300	2016035	0	233	100000	0	259200	0	0	0	1	443	AutoRegister	SVR180000001		
2025-09-18 22:38:32	12260	3300	705007	0	234	100000	0	259200	0	0	0	1	444	AutoRegister	SVR180000001		
2025-09-18 22:38:32	12260	3300	705004	0	235	100000	0	259200	0	0	0	1	445	AutoRegister	SVR180000001		
2025-09-18 22:38:32	12260	3300	705002	0	236	100000	0	259200	0	0	0	1	446	AutoRegister	SVR180000001		
2025-09-18 22:38:32	12260	3300	705011	0	237	100000	0	259200	0	0	0	1	447	AutoRegister	SVR180000001		
2025-09-18 22:38:32	12260	3300	2016039	0	238	100000	0	86400	0	0	0	1	448	AutoRegister	SVR180000001		
2025-09-18 22:38:32	12260	3300	2016038	0	239	100000	0	86400	0	0	0	1	449	AutoRegister	SVR180000001		
2025-09-18 22:38:32	12260	3300	2016037	0	240	100000	0	86400	0	0	0	1	450	AutoRegister	SVR180000001		
2025-09-18 22:38:32	12260	3300	2016030	0	241	100000	0	86400	0	0	0	1	451	AutoRegister	SVR180000001		
2025-09-18 22:38:32	12260	3300	2016031	0	242	100000	0	86400	0	0	0	1	452	AutoRegister	SVR180000001		
2025-09-18 22:38:32	12260	3300	2016032	0	243	100000	0	86400	0	0	0	1	453	AutoRegister	SVR180000001		
2025-09-18 22:38:32	12260	3300	2016032	0	244	100000	0	86400	0	0	0	1	454	AutoRegister	SVR180000001		
2025-09-18 22:38:32	12260	3300	910005	0	245	100000	0	86400	0	0	0	1	455	AutoRegister	SVR180000001		
2025-09-18 22:38:32	12260	3306	950019	0	183	0	0	0	0	0	0	0	323			Aaa CaOU?E	
2025-09-18 22:38:32	12260	3306	2016027	0	170	0	0	0	0	0	0	0	310			Aaa CaOU?E	
2025-09-18 22:38:32	12260	3306	2016028	0	171	0	0	0	0	0	0	0	311			Aaa CaOU?E	
2025-09-18 22:38:32	12260	3306	2016039	0	172	0	0	0	0	0	0	0	312			Aaa CaOU?E	
2025-09-18 22:38:32	12260	3306	2016038	0	173	0	0	0	0	0	0	0	313			Aaa CaOU?E	
2025-09-18 22:38:32	12260	3306	2016037	0	174	0	0	0	0	0	0	0	314			Aaa CaOU?E	
2025-09-18 22:38:32	12260	3306	2016030	0	175	0	0	0	0	0	0	0	315			Aaa CaOU?E	
2025-09-18 22:38:32	12260	3306	2016031	0	176	0	0	0	0	0	0	0	316			Aaa CaOU?E	
2025-09-18 22:38:32	12260	3306	2016032	0	177	0	0	0	0	0	0	0	317			Aaa CaOU?E	
2025-09-18 22:38:32	12260	3306	2016033	0	178	0	0	0	0	0	0	0	318			Aaa CaOU?E	
2025-09-18 22:38:32	12260	3306	2016034	0	179	0	0	0	0	0	0	0	319			Aaa CaOU?E	
2025-09-18 22:38:32	12260	3306	2016035	0	180	0	0	0	0	0	0	0	320			Aaa CaOU?E	
2025-09-18 22:38:32	12260	3306	601100285	0	181	0	0	0	0	0	0	0	321			Aaa CaOU?E	
2025-09-18 22:38:32	12260	3306	910005	0	182	0	0	0	0	0	0	0	322			Aaa CaOU?E	
2025-09-18 22:38:32	12260	3306	705008	0	184	0	0	0	0	0	0	0	324			Aaa CaOU?E	
2025-09-18 22:38:32	12260	3306	2016027	0	185	0	0	0	0	0	0	0	325			Aaa CaOU?E	
2025-09-18 22:38:32	12260	3306	2016028	0	186	0	0	0	0	0	0	0	326			Aaa CaOU?E	
2025-09-18 22:38:32	12260	3306	2016039	0	187	0	0	0	0	0	0	0	327			Aaa CaOU?E	
2025-09-18 22:38:32	12260	3306	2016038	0	188	0	0	0	0	0	0	0	328			Aaa CaOU?E	
2025-09-18 22:38:32	12260	3306	2016037	0	189	0	0	0	0	0	0	0	329			Aaa CaOU?E	
2025-09-18 22:38:32	12260	3306	2016030	0	190	0	0	0	0	0	0	0	330			Aaa CaOU?E	
2025-09-18 22:38:32	12260	3306	2016031	0	191	0	0	0	0	0	0	0	331			Aaa CaOU?E	
2025-09-18 22:38:32	12260	3306	2016032	0	192	0	0	0	0	0	0	0	332			Aaa CaOU?E	
2025-09-18 22:38:32	12260	3306	2016033	0	193	0	0	0	0	0	0	0	333			Aaa CaOU?E	
2025-09-18 22:38:32	12260	3306	2016034	0	194	0	0	0	0	0	0	0	334			Aaa CaOU?E	
2025-09-18 22:38:32	12260	3306	2016035	0	195	0	0	0	0	0	0	0	335			Aaa CaOU?E	
2025-09-18 22:38:32	12260	3306	705007	0	196	0	0	0	0	0	0	0	336			Aaa CaOU?E	
2025-09-18 22:38:32	12260	3306	705004	0	197	0	0	0	0	0	0	0	337			Aaa CaOU?E	
2025-09-18 22:38:32	12260	3306	705002	0	198	0	0	0	0	0	0	0	338			Aaa CaOU?E	
2025-09-18 22:38:32	12260	3306	705011	0	199	0	0	0	0	0	0	0	339			Aaa CaOU?E	
2025-09-18 22:38:32	12260	3306	910005	0	207	0	0	0	0	0	0	0	347			Aaa CaOU?E	
2025-09-18 22:38:32	12260	3306	2016030	0	203	0	0	0	0	0	0	0	343			Aaa CaOU?E	
2025-09-18 22:38:32	12260	3306	2016031	0	204	0	0	0	0	0	0	0	344			Aaa CaOU?E	
2025-09-18 22:38:32	12260	3306	2016032	0	206	0	0	0	0	0	0	0	346			Aaa CaOU?E	
2025-09-18 22:38:32	12260	3306	2016032	0	205	0	0	0	0	0	0	0	345			Aaa CaOU?E	
2025-09-18 22:38:32	12260	3306	2016037	0	202	0	0	0	0	0	0	0	342			Aaa CaOU?E	
2025-09-18 22:38:32	12260	3306	2016038	0	201	0	0	0	0	0	0	0	341			Aaa CaOU?E	
2025-09-18 22:38:32	12260	3306	2016039	0	200	0	0	0	0	0	0	0	340			Aaa CaOU?E	
2025-09-18 22:38:32	12260	3600	0	0	4	1758260312	4105152000	4105152000	0	0	0	0	0				
2025-09-18 22:39:20	12264	104	0	0	0	0	0	1395596	9	307	0	0	0				
2025-09-18 22:40:20	12264	104	0	0	0	0	0	1397972	9	307	0	0	0				
2025-09-18 22:41:20	12264	104	0	0	0	0	0	1397936	9	307	0	0	0				
2025-09-18 22:41:25	12244	102	0	0	0	0	0	0	0	0	0	0	0				END
2025-09-18 22:41:36	11708	101	0	0	0	11708	0	0	0	0	0	0	0			Main	KitekatGS
2025-09-18 22:41:36	11708	102	0	0	0	0	0	0	0	0	0	0	0				START
2025-09-18 22:41:36	9024	101	0	0	0	9024	0	0	0	0	0	0	0			Scheduler 01	KitekatGS
2025-09-18 22:41:36	9024	104	0	0	0	0	0	9796	0	0	0	0	0				
2025-09-18 22:41:46	288	101	0	0	0	288	0	0	0	0	0	0	0			Scheduler 02	KitekatGS
2025-09-18 22:41:46	288	3600	0	0	4	1758260506	4105152000	4105152000	0	0	0	0	0				
2025-09-18 22:42:02	9568	101	0	0	0	9568	0	0	0	0	0	0	0			IOCP 03	KitekatGS
2025-09-18 22:42:02	9568	110	1	0	0	0	0	0	0	0	0	0	0	fraun	2C-F0-5D-E0-C8-8C|Windows  (6.2.9200)|NVIDIA GeForce RTX 4060Drv Version : 32767.65535.65535.65535	192.168.122.1	
2025-09-18 22:42:36	9024	104	0	0	0	0	0	1392800	641	2309	0	0	0				
2025-09-18 22:43:36	9024	104	0	0	0	0	0	1394804	641	2309	0	0	0				
2025-09-18 22:44:36	9024	104	0	0	0	0	0	1395040	641	2381	0	0	0				
2025-09-18 22:45:36	9024	104	0	0	0	0	0	1395048	641	2381	0	0	0				
2025-09-18 22:46:36	9024	104	0	0	0	0	0	1395064	641	2381	0	0	0				
2025-09-18 22:47:36	9024	104	0	0	0	0	0	1395136	641	2381	0	0	0				
2025-09-18 22:48:36	9024	104	0	0	0	0	0	1395080	641	2381	0	0	0				
2025-09-18 22:49:36	9024	104	0	0	0	0	0	1395080	641	2381	0	0	0				
2025-09-18 22:50:36	9024	104	0	0	0	0	0	1395080	641	2381	0	0	0				
2025-09-18 22:51:36	9024	104	0	0	0	0	0	1395080	641	2381	0	0	0				
2025-09-18 22:52:36	9024	104	0	0	0	0	0	1395136	641	2381	0	0	0				
2025-09-18 22:53:36	9024	104	0	0	0	0	0	1395108	641	2381	0	0	0				
2025-09-18 22:54:36	9024	104	0	0	0	0	0	1395108	641	2381	0	0	0				
2025-09-18 22:55:36	9024	104	0	0	0	0	0	1395108	641	2381	0	0	0				
2025-09-18 22:56:36	9024	104	0	0	0	0	0	1395108	641	2381	0	0	0				
2025-09-18 22:57:36	9024	104	0	0	0	0	0	1395112	641	2381	0	0	0				
2025-09-18 22:58:36	9024	104	0	0	0	0	0	1395112	641	2381	0	0	0				
2025-09-18 22:59:36	9024	104	0	0	0	0	0	1395112	641	2381	0	0	0				
