2025-09-19 22:00:03	10988	104	0	0	0	0	0	50892	6712	70125	0	0	0				
2025-09-19 22:01:03	10988	104	0	0	0	0	0	50892	6712	70125	0	0	0				
2025-09-19 22:02:03	10988	104	0	0	0	0	0	50904	6712	70125	0	0	0				
2025-09-19 22:03:03	10988	104	0	0	0	0	1	50912	6712	70125	0	0	0				
2025-09-19 22:04:04	10988	104	0	0	0	0	0	50916	6712	70125	0	0	0				
2025-09-19 22:05:04	10988	104	0	0	0	0	1	50916	6712	70125	0	0	0				
2025-09-19 22:06:04	10988	104	0	0	0	0	1	50932	6712	70125	0	0	0				
2025-09-19 22:07:04	10988	104	0	0	0	0	1	50968	6712	70125	0	0	0				
2025-09-19 22:08:04	10988	104	0	0	0	0	0	50968	6712	70125	0	0	0				
2025-09-19 22:09:04	10988	104	0	0	0	0	0	50972	6712	70125	0	0	0				
2025-09-19 22:10:04	10988	104	0	0	0	0	0	50972	6712	70125	0	0	0				
2025-09-19 22:11:04	10988	104	0	0	0	0	0	50976	6712	70125	0	0	0				
2025-09-19 22:12:04	10988	104	0	0	0	0	0	50976	6712	70125	0	0	0				
2025-09-19 22:13:04	10988	104	0	0	0	0	0	50976	6712	70125	0	0	0				
2025-09-19 22:14:04	10988	104	0	0	0	0	1	50984	6712	70125	0	0	0				
2025-09-19 22:15:04	10988	104	0	0	0	0	0	50984	6712	70125	0	0	0				
2025-09-19 22:16:04	10988	104	0	0	0	0	0	50984	6712	70125	0	0	0				
2025-09-19 22:17:04	10988	104	0	0	0	0	0	50984	6712	70125	0	0	0				
2025-09-19 22:18:04	10988	104	0	0	0	0	0	50984	6712	70125	0	0	0				
2025-09-19 22:19:04	10988	104	0	0	0	0	0	50984	6712	70125	0	0	0				
2025-09-19 22:20:04	10988	104	0	0	0	0	0	50924	6712	70125	0	0	0				
2025-09-19 22:21:04	10988	104	0	0	0	0	0	50924	6712	70125	0	0	0				
2025-09-19 22:22:04	10988	104	0	0	0	0	0	50924	6712	70125	0	0	0				
2025-09-19 22:23:04	10988	104	0	0	0	0	0	50924	6712	70125	0	0	0				
2025-09-19 22:24:04	10988	104	0	0	0	0	0	50924	6712	70125	0	0	0				
2025-09-19 22:25:04	10988	104	0	0	0	0	0	50924	6712	70125	0	0	0				
2025-09-19 22:26:04	10988	104	0	0	0	0	0	50924	6712	70125	0	0	0				
2025-09-19 22:27:04	10988	104	0	0	0	0	0	50924	6712	70125	0	0	0				
2025-09-19 22:28:04	10988	104	0	0	0	0	0	50924	6712	70125	0	0	0				
2025-09-19 22:29:04	10988	104	0	0	0	0	0	50936	6712	70125	0	0	0				
2025-09-19 22:30:04	10988	104	0	0	0	0	0	50940	6712	70125	0	0	0				
2025-09-19 22:31:04	10988	104	0	0	0	0	0	50928	6712	70125	0	0	0				
2025-09-19 22:32:04	10988	104	0	0	0	0	0	50936	6712	70125	0	0	0				
2025-09-19 22:33:04	10988	104	0	0	0	0	0	50948	6712	70125	0	0	0				
2025-09-19 22:34:04	10988	104	0	0	0	0	0	50948	6712	70125	0	0	0				
2025-09-19 22:35:04	10988	104	0	0	0	0	0	50952	6712	70125	0	0	0				
2025-09-19 22:36:04	10988	104	0	0	0	0	1	50956	6712	70125	0	0	0				
2025-09-19 22:37:04	10988	104	0	0	0	0	0	50964	6712	70125	0	0	0				
2025-09-19 22:38:04	10988	104	0	0	0	0	0	51036	6712	70125	0	0	0				
2025-09-19 22:39:04	10988	104	0	0	0	0	0	51048	6712	70125	0	0	0				
2025-09-19 22:39:16	10976	3306	910005	0	245	0	0	0	0	0	0	0	455			SVR180000001	
2025-09-19 22:39:16	10976	3306	2016030	0	241	0	0	0	0	0	0	0	451			SVR180000001	
2025-09-19 22:39:16	10976	3306	2016031	0	242	0	0	0	0	0	0	0	452			SVR180000001	
2025-09-19 22:39:16	10976	3306	2016032	0	244	0	0	0	0	0	0	0	454			SVR180000001	
2025-09-19 22:39:16	10976	3306	2016032	0	243	0	0	0	0	0	0	0	453			SVR180000001	
2025-09-19 22:39:16	10976	3306	2016037	0	240	0	0	0	0	0	0	0	450			SVR180000001	
2025-09-19 22:39:16	10976	3306	2016038	0	239	0	0	0	0	0	0	0	449			SVR180000001	
2025-09-19 22:39:16	10976	3306	2016039	0	238	0	0	0	0	0	0	0	448			SVR180000001	
2025-09-19 22:40:04	10988	104	0	0	0	0	0	52232	6712	70125	0	0	0				
2025-09-19 22:41:04	10988	104	0	0	0	0	0	52236	6712	70125	0	0	0				
2025-09-19 22:42:04	10988	104	0	0	0	0	0	52236	6712	70125	0	0	0				
2025-09-19 22:43:04	10988	104	0	0	0	0	0	52252	6712	70125	0	0	0				
2025-09-19 22:44:04	10988	104	0	0	0	0	0	52252	6712	70125	0	0	0				
2025-09-19 22:45:04	10988	104	0	0	0	0	0	52264	6712	70125	0	0	0				
2025-09-19 22:46:04	10988	104	0	0	0	0	0	52244	6712	70125	0	0	0				
2025-09-19 22:47:04	10988	104	0	0	0	0	0	52252	6712	70125	0	0	0				
2025-09-19 22:48:04	10988	104	0	0	0	0	0	52256	6712	70125	0	0	0				
2025-09-19 22:49:04	10988	104	0	0	0	0	0	52260	6712	70125	0	0	0				
2025-09-19 22:50:04	10988	104	0	0	0	0	0	52264	6712	70125	0	0	0				
2025-09-19 22:51:04	10988	104	0	0	0	0	0	52264	6712	70125	0	0	0				
2025-09-19 22:52:04	10988	104	0	0	0	0	0	52276	6712	70125	0	0	0				
2025-09-19 22:53:04	10988	104	0	0	0	0	0	52288	6712	70125	0	0	0				
2025-09-19 22:54:04	10988	104	0	0	0	0	0	52288	6712	70125	0	0	0				
2025-09-19 22:55:04	10988	104	0	0	0	0	0	52288	6712	70125	0	0	0				
2025-09-19 22:56:04	10988	104	0	0	0	0	0	52296	6712	70125	0	0	0				
2025-09-19 22:57:04	10988	104	0	0	0	0	0	52296	6712	70125	0	0	0				
2025-09-19 22:58:04	10988	104	0	0	0	0	0	52296	6712	70125	0	0	0				
2025-09-19 22:59:04	10988	104	0	0	0	0	1	52304	6712	70125	0	0	0				
