2025-09-26 02:00:24	1848	104	0	0	0	0	0	74208	5715	179788	0	0	0				
2025-09-26 02:01:24	1848	104	0	0	0	0	0	74208	5715	179788	0	0	0				
2025-09-26 02:02:24	1848	104	0	0	0	0	0	74208	5715	179788	0	0	0				
2025-09-26 02:03:24	1848	104	0	0	0	0	0	74208	5715	179788	0	0	0				
2025-09-26 02:04:24	1848	104	0	0	0	0	0	74208	5715	179788	0	0	0				
2025-09-26 02:05:24	1848	104	0	0	0	0	0	74208	5715	179788	0	0	0				
2025-09-26 02:06:24	1848	104	0	0	0	0	0	74208	5715	179788	0	0	0				
2025-09-26 02:07:24	1848	104	0	0	0	0	0	74208	5715	179788	0	0	0				
2025-09-26 02:08:24	1848	104	0	0	0	0	0	74188	5715	179788	0	0	0				
2025-09-26 02:09:24	1848	104	0	0	0	0	0	74192	5715	179788	0	0	0				
2025-09-26 02:10:24	1848	104	0	0	0	0	0	74192	5715	179788	0	0	0				
2025-09-26 02:11:24	1848	104	0	0	0	0	0	74196	5715	179788	0	0	0				
2025-09-26 02:12:24	1848	104	0	0	0	0	0	74196	5715	179788	0	0	0				
2025-09-26 02:13:24	1848	104	0	0	0	0	0	74196	5715	179788	0	0	0				
2025-09-26 02:14:24	1848	104	0	0	0	0	0	74200	5715	179788	0	0	0				
2025-09-26 02:15:24	1848	104	0	0	0	0	0	74204	5715	179788	0	0	0				
2025-09-26 02:16:24	1848	104	0	0	0	0	0	74208	5715	179788	0	0	0				
2025-09-26 02:17:24	1848	104	0	0	0	0	0	74208	5715	179788	0	0	0				
2025-09-26 02:18:24	1848	104	0	0	0	0	0	74208	5715	179788	0	0	0				
2025-09-26 02:19:24	1848	104	0	0	0	0	0	74212	5715	179788	0	0	0				
2025-09-26 02:20:24	1848	104	0	0	0	0	0	74212	5715	179788	0	0	0				
2025-09-26 02:21:24	1848	104	0	0	0	0	0	74212	5715	179788	0	0	0				
2025-09-26 02:22:24	1848	104	0	0	0	0	0	74212	5715	179788	0	0	0				
2025-09-26 02:23:24	1848	104	0	0	0	0	0	74192	5715	179788	0	0	0				
2025-09-26 02:24:24	1848	104	0	0	0	0	0	74196	5715	179788	0	0	0				
2025-09-26 02:25:24	1848	104	0	0	0	0	0	74200	5715	179788	0	0	0				
2025-09-26 02:26:24	1848	104	0	0	0	0	0	74228	5715	179788	0	0	0				
2025-09-26 02:27:24	1848	104	0	0	0	0	0	74232	5715	179788	0	0	0				
2025-09-26 02:28:24	1848	104	0	0	0	0	0	74236	5715	179788	0	0	0				
2025-09-26 02:29:24	1848	104	0	0	0	0	0	74236	5715	179788	0	0	0				
2025-09-26 02:30:24	1848	104	0	0	0	0	0	74236	5715	179788	0	0	0				
2025-09-26 02:31:24	1848	104	0	0	0	0	0	74240	5715	179788	0	0	0				
2025-09-26 02:32:24	1848	104	0	0	0	0	0	74240	5715	179788	0	0	0				
2025-09-26 02:33:24	1848	104	0	0	0	0	0	74240	5715	179788	0	0	0				
2025-09-26 02:34:24	1848	104	0	0	0	0	0	74240	5715	179788	0	0	0				
2025-09-26 02:35:24	1848	104	0	0	0	0	0	74244	5715	179788	0	0	0				
2025-09-26 02:36:24	1848	104	0	0	0	0	0	74244	5715	179788	0	0	0				
2025-09-26 02:37:24	1848	104	0	0	0	0	0	74244	5715	179788	0	0	0				
2025-09-26 02:38:24	1848	104	0	0	0	0	0	74228	5715	179788	0	0	0				
2025-09-26 02:39:24	1848	104	0	0	0	0	0	74228	5715	179788	0	0	0				
2025-09-26 02:40:24	1848	104	0	0	0	0	0	74232	5715	179788	0	0	0				
2025-09-26 02:41:24	1848	104	0	0	0	0	0	74232	5715	179788	0	0	0				
2025-09-26 02:42:24	1848	104	0	0	0	0	0	74236	5715	179788	0	0	0				
2025-09-26 02:43:24	1848	104	0	0	0	0	0	74236	5715	179788	0	0	0				
2025-09-26 02:44:24	1848	104	0	0	0	0	0	74236	5715	179788	0	0	0				
2025-09-26 02:45:24	1848	104	0	0	0	0	0	74236	5715	179788	0	0	0				
2025-09-26 02:46:24	1848	104	0	0	0	0	0	74236	5715	179788	0	0	0				
2025-09-26 02:47:24	1848	104	0	0	0	0	0	74236	5715	179788	0	0	0				
2025-09-26 02:48:24	1848	104	0	0	0	0	0	74240	5715	179788	0	0	0				
2025-09-26 02:49:24	1848	104	0	0	0	0	0	74240	5715	179788	0	0	0				
2025-09-26 02:50:24	1848	104	0	0	0	0	0	74244	5715	179788	0	0	0				
2025-09-26 02:51:24	1848	104	0	0	0	0	0	74244	5715	179788	0	0	0				
2025-09-26 02:52:24	1848	104	0	0	0	0	0	74244	5715	179788	0	0	0				
2025-09-26 02:53:24	1848	104	0	0	0	0	0	74220	5715	179788	0	0	0				
2025-09-26 02:54:24	1848	104	0	0	0	0	0	74228	5715	179788	0	0	0				
2025-09-26 02:55:24	1848	104	0	0	0	0	0	74236	5715	179788	0	0	0				
2025-09-26 02:56:24	1848	104	0	0	0	0	0	74236	5715	179788	0	0	0				
2025-09-26 02:57:24	1848	104	0	0	0	0	0	74236	5715	179788	0	0	0				
2025-09-26 02:58:24	1848	104	0	0	0	0	0	74236	5715	179788	0	0	0				
2025-09-26 02:59:24	1848	104	0	0	0	0	0	74240	5715	179788	0	0	0				
