2025-09-24 02:00:51	11132	104	0	0	0	0	0	68896	199704	1488887	0	0	0				
2025-09-24 02:01:51	11132	104	0	0	0	0	0	68360	199704	1488887	0	0	0				
2025-09-24 02:02:51	11132	104	0	0	0	0	0	68388	199704	1488887	0	0	0				
2025-09-24 02:03:51	11132	104	0	0	0	0	0	68428	199704	1488887	0	0	0				
2025-09-24 02:04:51	11132	104	0	0	0	0	0	68448	199704	1488887	0	0	0				
2025-09-24 02:05:51	11132	104	0	0	0	0	0	68512	199704	1488887	0	0	0				
2025-09-24 02:06:51	11132	104	0	0	0	0	0	68360	199704	1488887	0	0	0				
2025-09-24 02:07:51	11132	104	0	0	0	0	0	68396	199704	1488887	0	0	0				
2025-09-24 02:08:51	11132	104	0	0	0	0	0	68432	199704	1488887	0	0	0				
2025-09-24 02:09:51	11132	104	0	0	0	0	0	68464	199704	1488887	0	0	0				
2025-09-24 02:10:51	11132	104	0	0	0	0	0	68512	199704	1488887	0	0	0				
2025-09-24 02:11:51	11132	104	0	0	0	0	0	68352	199704	1488887	0	0	0				
2025-09-24 02:12:51	11132	104	0	0	0	0	0	68400	199704	1488887	0	0	0				
2025-09-24 02:13:51	11132	104	0	0	0	0	0	68456	199704	1488887	0	0	0				
2025-09-24 02:14:51	11132	104	0	0	0	0	1	68452	199704	1488887	0	0	0				
2025-09-24 02:15:51	11132	104	0	0	0	0	0	68484	199704	1488887	0	0	0				
2025-09-24 02:16:51	11132	104	0	0	0	0	0	68332	199704	1488887	0	0	0				
2025-09-24 02:17:51	11132	104	0	0	0	0	0	68360	199704	1488887	0	0	0				
2025-09-24 02:18:51	11132	104	0	0	0	0	0	68412	199704	1488887	0	0	0				
2025-09-24 02:19:51	11132	104	0	0	0	0	0	68440	199704	1488887	0	0	0				
2025-09-24 02:20:51	11132	104	0	0	0	0	0	68468	199704	1488887	0	0	0				
2025-09-24 02:21:51	11132	104	0	0	0	0	0	68488	199704	1488887	0	0	0				
2025-09-24 02:22:51	11132	104	0	0	0	0	0	68512	199704	1488887	0	0	0				
2025-09-24 02:23:51	11132	104	0	0	0	0	0	68544	199704	1488887	0	0	0				
2025-09-24 02:24:51	11132	104	0	0	0	0	0	68576	199704	1488887	0	0	0				
2025-09-24 02:25:51	11132	104	0	0	0	0	0	68616	199704	1488887	0	0	0				
2025-09-24 02:26:51	11132	104	0	0	0	0	0	68308	199704	1488887	0	0	0				
2025-09-24 02:27:51	11132	104	0	0	0	0	0	68328	199704	1488887	0	0	0				
2025-09-24 02:28:51	11132	104	0	0	0	0	0	68392	199704	1488887	0	0	0				
2025-09-24 02:29:51	11132	104	0	0	0	0	0	68468	199704	1488887	0	0	0				
2025-09-24 02:30:51	11132	104	0	0	0	0	0	68512	199704	1488887	0	0	0				
2025-09-24 02:31:51	11132	104	0	0	0	0	0	68300	199704	1488887	0	0	0				
2025-09-24 02:32:51	11132	104	0	0	0	0	0	68352	199704	1488887	0	0	0				
2025-09-24 02:33:51	11132	104	0	0	0	0	1	68420	199704	1488887	0	0	0				
2025-09-24 02:34:51	11132	104	0	0	0	0	0	68464	199704	1488887	0	0	0				
2025-09-24 02:35:51	11132	104	0	0	0	0	0	68492	199704	1488887	0	0	0				
2025-09-24 02:36:51	11132	104	0	0	0	0	0	68348	199704	1488887	0	0	0				
2025-09-24 02:37:51	11132	104	0	0	0	0	0	68396	199704	1488887	0	0	0				
2025-09-24 02:38:51	11132	104	0	0	0	0	0	68424	199704	1488887	0	0	0				
2025-09-24 02:39:51	11132	104	0	0	0	0	0	68504	199704	1488887	0	0	0				
2025-09-24 02:40:51	11132	104	0	0	0	0	0	68524	199704	1488887	0	0	0				
2025-09-24 02:41:51	11132	104	0	0	0	0	0	68380	199704	1488887	0	0	0				
2025-09-24 02:42:51	11132	104	0	0	0	0	0	68408	199704	1488887	0	0	0				
2025-09-24 02:43:51	11132	104	0	0	0	0	0	68440	199704	1488887	0	0	0				
2025-09-24 02:44:51	11132	104	0	0	0	0	0	68456	199704	1488887	0	0	0				
2025-09-24 02:45:51	11132	104	0	0	0	0	0	68476	199704	1488887	0	0	0				
2025-09-24 02:46:51	11132	104	0	0	0	0	0	68292	199704	1488887	0	0	0				
2025-09-24 02:47:51	11132	104	0	0	0	0	0	68324	199704	1488887	0	0	0				
2025-09-24 02:48:51	11132	104	0	0	0	0	0	68368	199704	1488887	0	0	0				
2025-09-24 02:49:51	11132	104	0	0	0	0	0	68396	199704	1488887	0	0	0				
2025-09-24 02:50:51	11132	104	0	0	0	0	0	68416	199704	1488887	0	0	0				
2025-09-24 02:51:51	11132	104	0	0	0	0	0	68268	199704	1488887	0	0	0				
2025-09-24 02:52:51	11132	104	0	0	0	0	0	68320	199704	1488887	0	0	0				
2025-09-24 02:53:51	11132	104	0	0	0	0	0	68352	199704	1488887	0	0	0				
2025-09-24 02:54:51	11132	104	0	0	0	0	0	68380	199704	1488887	0	0	0				
2025-09-24 02:55:51	11132	104	0	0	0	0	0	68412	199704	1488887	0	0	0				
2025-09-24 02:56:51	11132	104	0	0	0	0	0	68192	199704	1488887	0	0	0				
2025-09-24 02:57:51	11132	104	0	0	0	0	0	68260	199704	1488887	0	0	0				
2025-09-24 02:58:51	11132	104	0	0	0	0	0	68280	199704	1488887	0	0	0				
2025-09-24 02:59:51	11132	104	0	0	0	0	0	68296	199704	1488887	0	0	0				
