2025-09-26 00:00:23	1848	104	0	0	0	0	0	72440	5715	179788	0	0	0				
2025-09-26 00:01:23	1848	104	0	0	0	0	0	72488	5715	179788	0	0	0				
2025-09-26 00:02:23	1848	104	0	0	0	0	0	72504	5715	179788	0	0	0				
2025-09-26 00:03:23	1848	104	0	0	0	0	0	72536	5715	179788	0	0	0				
2025-09-26 00:04:23	1848	104	0	0	0	0	0	72532	5715	179788	0	0	0				
2025-09-26 00:05:23	1848	104	0	0	0	0	0	72556	5715	179788	0	0	0				
2025-09-26 00:06:23	1848	104	0	0	0	0	0	72604	5715	179788	0	0	0				
2025-09-26 00:07:23	1848	104	0	0	0	0	0	72628	5715	179788	0	0	0				
2025-09-26 00:08:23	1848	104	0	0	0	0	1	72660	5715	179788	0	0	0				
2025-09-26 00:09:23	1848	104	0	0	0	0	0	72672	5715	179788	0	0	0				
2025-09-26 00:10:23	1848	104	0	0	0	0	0	72696	5715	179788	0	0	0				
2025-09-26 00:11:23	1848	104	0	0	0	0	1	72708	5715	179788	0	0	0				
2025-09-26 00:12:23	1848	104	0	0	0	0	0	72724	5715	179788	0	0	0				
2025-09-26 00:13:23	1848	104	0	0	0	0	0	72736	5715	179788	0	0	0				
2025-09-26 00:14:23	1848	104	0	0	0	0	0	72756	5715	179788	0	0	0				
2025-09-26 00:15:23	1848	104	0	0	0	0	0	72760	5715	179788	0	0	0				
2025-09-26 00:16:23	1848	104	0	0	0	0	0	72796	5715	179788	0	0	0				
2025-09-26 00:17:23	1848	104	0	0	0	0	0	72812	5715	179788	0	0	0				
2025-09-26 00:18:23	1848	104	0	0	0	0	1	72820	5715	179788	0	0	0				
2025-09-26 00:19:23	1848	104	0	0	0	0	0	72860	5715	179788	0	0	0				
2025-09-26 00:20:23	1848	104	0	0	0	0	0	72872	5715	179788	0	0	0				
2025-09-26 00:21:23	1848	104	0	0	0	0	0	72876	5715	179788	0	0	0				
2025-09-26 00:22:23	1848	104	0	0	0	0	0	72868	5715	179788	0	0	0				
2025-09-26 00:23:23	1848	104	0	0	0	0	0	72900	5715	179788	0	0	0				
2025-09-26 00:24:23	1848	104	0	0	0	0	0	72920	5715	179788	0	0	0				
2025-09-26 00:25:23	1848	104	0	0	0	0	0	72936	5715	179788	0	0	0				
2025-09-26 00:26:23	1848	104	0	0	0	0	0	72960	5715	179788	0	0	0				
2025-09-26 00:27:23	1848	104	0	0	0	0	0	72968	5715	179788	0	0	0				
2025-09-26 00:28:23	1848	104	0	0	0	0	0	72972	5715	179788	0	0	0				
2025-09-26 00:29:23	1848	104	0	0	0	0	0	72984	5715	179788	0	0	0				
2025-09-26 00:30:23	1848	104	0	0	0	0	1	72988	5715	179788	0	0	0				
2025-09-26 00:31:23	1848	104	0	0	0	0	0	73004	5715	179788	0	0	0				
2025-09-26 00:32:23	1848	104	0	0	0	0	0	73008	5715	179788	0	0	0				
2025-09-26 00:33:23	1848	104	0	0	0	0	0	73016	5715	179788	0	0	0				
2025-09-26 00:34:23	1848	104	0	0	0	0	0	73020	5715	179788	0	0	0				
2025-09-26 00:35:23	1848	104	0	0	0	0	0	73032	5715	179788	0	0	0				
2025-09-26 00:36:23	1848	104	0	0	0	0	0	73056	5715	179788	0	0	0				
2025-09-26 00:37:23	1848	104	0	0	0	0	0	73044	5715	179788	0	0	0				
2025-09-26 00:38:23	1848	104	0	0	0	0	0	73052	5715	179788	0	0	0				
2025-09-26 00:39:23	1848	104	0	0	0	0	0	73076	5715	179788	0	0	0				
2025-09-26 00:40:23	1848	104	0	0	0	0	0	73080	5715	179788	0	0	0				
2025-09-26 00:41:23	1848	104	0	0	0	0	0	73084	5715	179788	0	0	0				
2025-09-26 00:42:23	1848	104	0	0	0	0	0	73092	5715	179788	0	0	0				
2025-09-26 00:43:23	1848	104	0	0	0	0	1	73116	5715	179788	0	0	0				
2025-09-26 00:44:23	1848	104	0	0	0	0	0	73136	5715	179788	0	0	0				
2025-09-26 00:45:23	1848	104	0	0	0	0	0	73144	5715	179788	0	0	0				
2025-09-26 00:46:23	1848	104	0	0	0	0	0	73172	5715	179788	0	0	0				
2025-09-26 00:47:23	1848	104	0	0	0	0	0	73184	5715	179788	0	0	0				
2025-09-26 00:48:23	1848	104	0	0	0	0	0	73200	5715	179788	0	0	0				
2025-09-26 00:49:23	1848	104	0	0	0	0	0	73220	5715	179788	0	0	0				
2025-09-26 00:50:23	1848	104	0	0	0	0	0	73244	5715	179788	0	0	0				
2025-09-26 00:51:23	1848	104	0	0	0	0	0	73244	5715	179788	0	0	0				
2025-09-26 00:52:23	1848	104	0	0	0	0	0	73232	5715	179788	0	0	0				
2025-09-26 00:53:23	1848	104	0	0	0	0	0	73244	5715	179788	0	0	0				
2025-09-26 00:54:23	1848	104	0	0	0	0	0	73284	5715	179788	0	0	0				
2025-09-26 00:55:23	1848	104	0	0	0	0	0	73292	5715	179788	0	0	0				
2025-09-26 00:56:23	1848	104	0	0	0	0	0	73296	5715	179788	0	0	0				
2025-09-26 00:57:23	1848	104	0	0	0	0	0	73308	5715	179788	0	0	0				
2025-09-26 00:58:23	1848	104	0	0	0	0	0	73328	5715	179788	0	0	0				
2025-09-26 00:59:23	1848	104	0	0	0	0	0	73348	5715	179788	0	0	0				
