2025-09-19 20:00:02	10988	104	0	0	0	0	0	1395668	641	2381	0	0	0				
2025-09-19 20:01:02	10988	104	0	0	0	0	0	1395648	641	2381	0	0	0				
2025-09-19 20:02:02	10988	104	0	0	0	0	0	1395652	641	2381	0	0	0				
2025-09-19 20:03:02	10988	104	0	0	0	0	0	1395652	641	2381	0	0	0				
2025-09-19 20:04:02	10988	104	0	0	0	0	0	1395652	641	2381	0	0	0				
2025-09-19 20:05:02	10988	104	0	0	0	0	0	1395652	641	2381	0	0	0				
2025-09-19 20:06:02	10988	104	0	0	0	0	0	1395928	641	2381	0	0	0				
2025-09-19 20:07:03	10988	104	0	0	0	0	0	1395928	641	2381	0	0	0				
2025-09-19 20:08:03	10988	104	0	0	0	0	0	1395928	641	2381	0	0	0				
2025-09-19 20:09:03	10988	104	0	0	0	0	0	1395928	641	2381	0	0	0				
2025-09-19 20:10:03	10988	104	0	0	0	0	0	1395928	641	2381	0	0	0				
2025-09-19 20:11:03	10988	104	0	0	0	0	1	1395928	641	2381	0	0	0				
2025-09-19 20:12:03	10988	104	0	0	0	0	0	1395928	641	2381	0	0	0				
2025-09-19 20:13:03	10988	104	0	0	0	0	1	1395928	641	2381	0	0	0				
2025-09-19 20:14:03	10988	104	0	0	0	0	0	1395928	641	2381	0	0	0				
2025-09-19 20:15:03	10988	104	0	0	0	0	0	1395928	641	2381	0	0	0				
2025-09-19 20:16:03	10988	104	0	0	0	0	0	1395928	641	2381	0	0	0				
2025-09-19 20:17:03	10988	104	0	0	0	0	0	1395928	641	2381	0	0	0				
2025-09-19 20:18:03	10988	104	0	0	0	0	0	1395928	641	2381	0	0	0				
2025-09-19 20:19:03	10988	104	0	0	0	0	0	697164	641	2381	0	0	0				
2025-09-19 20:20:03	10988	104	0	0	0	0	0	697164	641	2381	0	0	0				
2025-09-19 20:21:03	10988	104	0	0	0	0	0	697164	641	2381	0	0	0				
2025-09-19 20:22:03	10988	104	0	0	0	0	0	697164	641	2381	0	0	0				
2025-09-19 20:23:03	10988	104	0	0	0	0	0	697164	641	2381	0	0	0				
2025-09-19 20:24:03	10988	104	0	0	0	0	0	697164	641	2381	0	0	0				
2025-09-19 20:25:03	10988	104	0	0	0	0	0	697164	641	2381	0	0	0				
2025-09-19 20:26:03	10988	104	0	0	0	0	0	697164	641	2381	0	0	0				
2025-09-19 20:27:03	10988	104	0	0	0	0	0	697164	641	2381	0	0	0				
2025-09-19 20:28:03	10988	104	0	0	0	0	0	697164	641	2381	0	0	0				
2025-09-19 20:29:03	10988	104	0	0	0	0	0	49492	641	2381	0	0	0				
2025-09-19 20:30:03	10988	104	0	0	0	0	0	49496	641	2381	0	0	0				
2025-09-19 20:31:03	10988	104	0	0	0	0	0	49544	641	2381	0	0	0				
2025-09-19 20:32:03	10988	104	0	0	0	0	0	49552	641	2381	0	0	0				
2025-09-19 20:33:03	10988	104	0	0	0	0	0	49568	641	2381	0	0	0				
2025-09-19 20:34:03	10988	104	0	0	0	0	0	49580	641	2381	0	0	0				
2025-09-19 20:35:03	10988	104	0	0	0	0	0	49588	641	2381	0	0	0				
2025-09-19 20:36:03	10988	104	0	0	0	0	0	49588	641	2381	0	0	0				
2025-09-19 20:37:03	10988	104	0	0	0	0	2	49588	641	2381	0	0	0				
2025-09-19 20:38:03	10988	104	0	0	0	0	0	49592	641	2381	0	0	0				
2025-09-19 20:39:03	10988	104	0	0	0	0	0	49628	641	2381	0	0	0				
2025-09-19 20:40:03	10988	104	0	0	0	0	0	49640	641	2381	0	0	0				
2025-09-19 20:41:03	10988	104	0	0	0	0	0	49640	641	2381	0	0	0				
2025-09-19 20:42:03	10988	104	0	0	0	0	0	49652	641	2381	0	0	0				
2025-09-19 20:43:03	10988	104	0	0	0	0	0	49688	641	2381	0	0	0				
2025-09-19 20:44:03	10988	104	0	0	0	0	0	47632	641	2381	0	0	0				
2025-09-19 20:45:03	10988	104	0	0	0	0	0	47640	641	2381	0	0	0				
2025-09-19 20:46:03	10988	104	0	0	0	0	0	47676	641	2381	0	0	0				
2025-09-19 20:47:03	10988	104	0	0	0	0	0	47688	641	2381	0	0	0				
2025-09-19 20:48:03	10988	104	0	0	0	0	0	47700	641	2381	0	0	0				
2025-09-19 20:49:03	10988	104	0	0	0	0	0	47720	641	2381	0	0	0				
2025-09-19 20:49:09	11240	101	0	0	0	11240	0	0	0	0	0	0	0			IOCP 03	KitekatGS
2025-09-19 20:49:09	11240	110	1	0	0	0	0	0	0	0	0	0	0	fraun	2C-F0-5D-E0-C8-8C|Windows  (6.2.9200)|NVIDIA GeForce RTX 4060Drv Version : 32767.65535.65535.65535	192.168.122.1	
2025-09-19 20:49:20	13132	101	0	0	0	13132	0	0	0	0	0	0	0				KitekatGS
2025-09-19 20:49:20	13132	2001	1	5	0	0	0	0	0	0	0	0	0	fraun	qqq1		
2025-09-19 20:49:27	7456	101	0	0	0	7456	0	0	0	0	0	0	0				KitekatGS
2025-09-19 20:49:27	7456	2001	1	6	0	0	0	0	0	0	0	0	0	fraun	qqq2		
2025-09-19 20:49:30	1852	101	0	0	0	1852	0	0	0	0	0	0	0				KitekatGS
2025-09-19 20:49:30	1852	2304	1	5	0	0	300	0	1	0	0	0	0	fraun	qqq1		
2025-09-19 20:49:30	1852	2401	1	5	1	3630334	1	1	0	0	168356	55399	463	fraun	qqq1		SCRIPT
2025-09-19 20:49:30	1852	2401	1	5	1	3630339	1	1	0	0	168356	55399	464	fraun	qqq1		SCRIPT
2025-09-19 20:49:30	1852	2401	1	5	1	950117	5	5	0	0	168356	55399	465	fraun	qqq1		SCRIPT
2025-09-19 20:49:30	1852	2401	1	5	1	910109	1	1	0	0	168356	55399	466	fraun	qqq1		SCRIPT
2025-09-19 20:49:30	1852	2401	1	5	1	2012431	1	1	0	0	168356	55399	467	fraun	qqq1		SCRIPT
2025-09-19 20:49:30	1852	2401	1	5	1	2012431	1	1	0	0	168356	55399	468	fraun	qqq1		SCRIPT
2025-09-19 20:49:30	1852	2401	1	5	1	2012431	1	1	0	0	168356	55399	469	fraun	qqq1		SCRIPT
2025-09-19 20:49:30	1852	2401	1	5	1	2012431	1	1	0	0	168356	55399	470	fraun	qqq1		SCRIPT
2025-09-19 20:49:30	1852	2401	1	5	1	2012431	1	1	0	0	168356	55399	471	fraun	qqq1		SCRIPT
2025-09-19 20:49:30	1852	2401	1	5	1	910025	1	1	0	0	168356	55399	472	fraun	qqq1		SCRIPT
2025-09-19 20:49:30	1852	2401	1	5	1	900011	5	5	0	0	168356	55399	473	fraun	qqq1		SCRIPT
2025-09-19 20:49:30	1852	2401	1	5	1	2013011	5	5	0	0	168356	55399	474	fraun	qqq1		SCRIPT
2025-09-19 20:49:30	1852	2401	1	5	1	2010454	10	10	0	0	168356	55399	475	fraun	qqq1		SCRIPT
2025-09-19 20:49:30	1852	2401	1	5	1	2012787	5	5	0	0	168356	55399	476	fraun	qqq1		SCRIPT
2025-09-19 20:49:30	1852	2401	1	5	1	2012788	5	5	0	0	168356	55399	477	fraun	qqq1		SCRIPT
2025-09-19 20:49:30	1852	2401	1	5	1	2011279	1	1	0	0	168356	55399	478	fraun	qqq1		SCRIPT
2025-09-19 20:49:30	1852	2401	1	5	1	690435	1	1	0	0	168356	55399	479	fraun	qqq1		SCRIPT
2025-09-19 20:49:30	1852	2401	1	5	1	2012240	2	2	0	0	168356	55399	480	fraun	qqq1		SCRIPT
2025-09-19 20:49:30	1852	2101	1	5	0	0	0	0	0	1	168356	55399	0	fraun	qqq1		
2025-09-19 20:49:30	1852	2103	1	5	1	1	0	300	0	0	0	0	0	fraun	qqq1		
2025-09-19 20:50:03	10988	104	0	0	0	1	0	68604	3731	24477	0	0	0				
2025-09-19 20:50:06	11240	2102	1	5	1	300	0	0	0	1	168364	55125	36	fraun	qqq1		
2025-09-19 20:50:06	11240	2103	1	5	1	1	0	300	0	0	0	0	0	fraun	qqq1		
2025-09-19 20:50:10	3556	101	0	0	0	3556	0	0	0	0	0	0	0				KitekatGS
2025-09-19 20:50:10	3556	2304	1	6	0	0	300	0	1	0	0	0	0	fraun	qqq2		
2025-09-19 20:50:10	3556	2401	1	6	1	3630334	1	1	0	0	168356	55399	481	fraun	qqq2		SCRIPT
2025-09-19 20:50:10	3556	2401	1	6	1	3630339	1	1	0	0	168356	55399	482	fraun	qqq2		SCRIPT
2025-09-19 20:50:10	3556	2401	1	6	1	950117	5	5	0	0	168356	55399	483	fraun	qqq2		SCRIPT
2025-09-19 20:50:10	3556	2401	1	6	1	910109	1	1	0	0	168356	55399	484	fraun	qqq2		SCRIPT
2025-09-19 20:50:10	3556	2401	1	6	1	2012431	1	1	0	0	168356	55399	485	fraun	qqq2		SCRIPT
2025-09-19 20:50:10	3556	2401	1	6	1	2012431	1	1	0	0	168356	55399	486	fraun	qqq2		SCRIPT
2025-09-19 20:50:10	3556	2401	1	6	1	2012431	1	1	0	0	168356	55399	487	fraun	qqq2		SCRIPT
2025-09-19 20:50:10	3556	2401	1	6	1	2012431	1	1	0	0	168356	55399	488	fraun	qqq2		SCRIPT
2025-09-19 20:50:10	3556	2401	1	6	1	2012431	1	1	0	0	168356	55399	489	fraun	qqq2		SCRIPT
2025-09-19 20:50:10	3556	2401	1	6	1	910025	1	1	0	0	168356	55399	490	fraun	qqq2		SCRIPT
2025-09-19 20:50:10	3556	2401	1	6	1	900011	5	5	0	0	168356	55399	491	fraun	qqq2		SCRIPT
2025-09-19 20:50:10	3556	2401	1	6	1	2013011	5	5	0	0	168356	55399	492	fraun	qqq2		SCRIPT
2025-09-19 20:50:10	3556	2401	1	6	1	2010454	10	10	0	0	168356	55399	493	fraun	qqq2		SCRIPT
2025-09-19 20:50:10	3556	2401	1	6	1	2012787	5	5	0	0	168356	55399	494	fraun	qqq2		SCRIPT
2025-09-19 20:50:10	3556	2401	1	6	1	2012788	5	5	0	0	168356	55399	495	fraun	qqq2		SCRIPT
2025-09-19 20:50:10	3556	2401	1	6	1	2011279	1	1	0	0	168356	55399	496	fraun	qqq2		SCRIPT
2025-09-19 20:50:10	3556	2401	1	6	1	690435	1	1	0	0	168356	55399	497	fraun	qqq2		SCRIPT
2025-09-19 20:50:10	3556	2401	1	6	1	2012240	2	2	0	0	168356	55399	498	fraun	qqq2		SCRIPT
2025-09-19 20:50:10	1852	2101	1	6	0	0	0	100	0	1	168356	55399	0	fraun	qqq2		
2025-09-19 20:50:10	1852	2103	1	6	1	1	0	300	0	0	0	0	0	fraun	qqq2		
2025-09-19 20:51:03	10988	104	0	0	0	1	0	81136	4571	41884	0	0	0				
2025-09-19 20:52:03	10988	104	0	0	0	1	0	81172	4927	41920	0	0	0				
2025-09-19 20:52:09	10396	101	0	0	0	10396	0	0	0	0	0	0	0			IOCP 02	KitekatGS
2025-09-19 20:52:09	10396	2102	1	6	1	300	0	1100	0	1	168356	55399	119	fraun	qqq2		
2025-09-19 20:52:09	10396	2103	1	6	1	1	0	300	0	0	0	0	0	fraun	qqq2		
2025-09-19 20:52:17	13132	2001	1	7	0	0	0	0	0	0	0	0	0	fraun	dasdas		
2025-09-19 20:52:18	3556	2304	1	7	0	0	100	0	1	0	0	0	0	fraun	dasdas		
2025-09-19 20:52:18	3556	2401	1	7	1	3630334	1	1	0	0	164335	49510	502	fraun	dasdas		SCRIPT
2025-09-19 20:52:18	3556	2401	1	7	1	3630339	1	1	0	0	164335	49510	503	fraun	dasdas		SCRIPT
2025-09-19 20:52:18	3556	2401	1	7	1	950117	5	5	0	0	164335	49510	504	fraun	dasdas		SCRIPT
2025-09-19 20:52:18	3556	2401	1	7	1	910109	1	1	0	0	164335	49510	505	fraun	dasdas		SCRIPT
2025-09-19 20:52:18	3556	2401	1	7	1	2012431	1	1	0	0	164335	49510	506	fraun	dasdas		SCRIPT
2025-09-19 20:52:18	3556	2401	1	7	1	2012431	1	1	0	0	164335	49510	507	fraun	dasdas		SCRIPT
2025-09-19 20:52:18	3556	2401	1	7	1	2012431	1	1	0	0	164335	49510	508	fraun	dasdas		SCRIPT
2025-09-19 20:52:18	3556	2401	1	7	1	2012431	1	1	0	0	164335	49510	509	fraun	dasdas		SCRIPT
2025-09-19 20:52:18	3556	2401	1	7	1	2012431	1	1	0	0	164335	49510	510	fraun	dasdas		SCRIPT
2025-09-19 20:52:18	3556	2401	1	7	1	910025	1	1	0	0	164335	49510	511	fraun	dasdas		SCRIPT
2025-09-19 20:52:18	3556	2401	1	7	1	900011	5	5	0	0	164335	49510	512	fraun	dasdas		SCRIPT
2025-09-19 20:52:18	3556	2401	1	7	1	2013011	5	5	0	0	164335	49510	513	fraun	dasdas		SCRIPT
2025-09-19 20:52:18	3556	2401	1	7	1	2010454	10	10	0	0	164335	49510	514	fraun	dasdas		SCRIPT
2025-09-19 20:52:18	3556	2401	1	7	1	2012787	5	5	0	0	164335	49510	515	fraun	dasdas		SCRIPT
2025-09-19 20:52:18	3556	2401	1	7	1	2012788	5	5	0	0	164335	49510	516	fraun	dasdas		SCRIPT
2025-09-19 20:52:18	3556	2401	1	7	1	2011279	1	1	0	0	164335	49510	517	fraun	dasdas		SCRIPT
2025-09-19 20:52:18	3556	2401	1	7	1	690435	1	1	0	0	164335	49510	518	fraun	dasdas		SCRIPT
2025-09-19 20:52:18	3556	2401	1	7	1	2012240	2	2	0	0	164335	49510	519	fraun	dasdas		SCRIPT
2025-09-19 20:52:18	1852	2101	1	7	0	0	0	0	0	1	164335	49510	0	fraun	dasdas		
2025-09-19 20:52:18	1852	2103	1	7	1	1	0	100	0	0	0	0	0	fraun	dasdas		
2025-09-19 20:52:32	11240	2102	1	7	1	100	0	0	0	1	164341	49547	13	fraun	dasdas		
2025-09-19 20:52:32	11240	2103	1	7	1	1	0	100	0	0	0	0	0	fraun	dasdas		
2025-09-19 20:53:03	10988	104	0	0	0	0	0	82316	6712	70125	0	0	0				
2025-09-19 20:54:03	10988	104	0	0	0	0	0	82224	6712	70125	0	0	0				
2025-09-19 20:55:03	10988	104	0	0	0	0	0	82224	6712	70125	0	0	0				
2025-09-19 20:56:03	10988	104	0	0	0	0	0	82232	6712	70125	0	0	0				
2025-09-19 20:57:03	10988	104	0	0	0	0	0	82256	6712	70125	0	0	0				
2025-09-19 20:58:03	10988	104	0	0	0	0	0	82264	6712	70125	0	0	0				
2025-09-19 20:59:03	10988	104	0	0	0	0	0	82200	6712	70125	0	0	0				
