2025-09-26 08:00:27	1848	104	0	0	0	0	0	74456	5715	179788	0	0	0				
2025-09-26 08:01:27	1848	104	0	0	0	0	0	74456	5715	179788	0	0	0				
2025-09-26 08:02:27	1848	104	0	0	0	0	0	74456	5715	179788	0	0	0				
2025-09-26 08:03:27	1848	104	0	0	0	0	0	74456	5715	179788	0	0	0				
2025-09-26 08:04:27	1848	104	0	0	0	0	0	74456	5715	179788	0	0	0				
2025-09-26 08:05:27	1848	104	0	0	0	0	1	74456	5715	179788	0	0	0				
2025-09-26 08:06:27	1848	104	0	0	0	0	0	74428	5715	179788	0	0	0				
2025-09-26 08:07:27	1848	104	0	0	0	0	0	74444	5715	179788	0	0	0				
2025-09-26 08:08:27	1848	104	0	0	0	0	0	74448	5715	179788	0	0	0				
2025-09-26 08:09:27	1848	104	0	0	0	0	0	74452	5715	179788	0	0	0				
2025-09-26 08:10:27	1848	104	0	0	0	0	0	74452	5715	179788	0	0	0				
2025-09-26 08:11:27	1848	104	0	0	0	0	0	74452	5715	179788	0	0	0				
2025-09-26 08:12:27	1848	104	0	0	0	0	0	74456	5715	179788	0	0	0				
2025-09-26 08:13:27	1848	104	0	0	0	0	0	74456	5715	179788	0	0	0				
2025-09-26 08:14:27	1848	104	0	0	0	0	0	74456	5715	179788	0	0	0				
2025-09-26 08:15:27	1848	104	0	0	0	0	0	74456	5715	179788	0	0	0				
2025-09-26 08:16:27	1848	104	0	0	0	0	0	74460	5715	179788	0	0	0				
2025-09-26 08:17:27	1848	104	0	0	0	0	0	74464	5715	179788	0	0	0				
2025-09-26 08:18:27	1848	104	0	0	0	0	0	74464	5715	179788	0	0	0				
2025-09-26 08:19:27	1848	104	0	0	0	0	0	74464	5715	179788	0	0	0				
2025-09-26 08:20:27	1848	104	0	0	0	0	0	74464	5715	179788	0	0	0				
2025-09-26 08:21:27	1848	104	0	0	0	0	0	74436	5715	179788	0	0	0				
2025-09-26 08:22:27	1848	104	0	0	0	0	0	74448	5715	179788	0	0	0				
2025-09-26 08:23:27	1848	104	0	0	0	0	0	74452	5715	179788	0	0	0				
2025-09-26 08:24:27	1848	104	0	0	0	0	0	74452	5715	179788	0	0	0				
2025-09-26 08:25:27	1848	104	0	0	0	0	0	74452	5715	179788	0	0	0				
2025-09-26 08:26:27	1848	104	0	0	0	0	0	74452	5715	179788	0	0	0				
2025-09-26 08:27:27	1848	104	0	0	0	0	0	74460	5715	179788	0	0	0				
2025-09-26 08:28:27	1848	104	0	0	0	0	0	74460	5715	179788	0	0	0				
2025-09-26 08:29:27	1848	104	0	0	0	0	0	74460	5715	179788	0	0	0				
2025-09-26 08:30:27	1848	104	0	0	0	0	0	74460	5715	179788	0	0	0				
2025-09-26 08:31:27	1848	104	0	0	0	0	0	74464	5715	179788	0	0	0				
2025-09-26 08:32:27	1848	104	0	0	0	0	0	74468	5715	179788	0	0	0				
2025-09-26 08:33:21	1304	102	0	0	0	0	0	0	0	0	0	0	0				END
