2025-09-26 07:00:27	1848	104	0	0	0	0	0	74348	5715	179788	0	0	0				
2025-09-26 07:01:27	1848	104	0	0	0	0	0	74348	5715	179788	0	0	0				
2025-09-26 07:02:27	1848	104	0	0	0	0	0	74348	5715	179788	0	0	0				
2025-09-26 07:03:27	1848	104	0	0	0	0	0	74348	5715	179788	0	0	0				
2025-09-26 07:04:27	1848	104	0	0	0	0	0	74348	5715	179788	0	0	0				
2025-09-26 07:05:27	1848	104	0	0	0	0	0	74348	5715	179788	0	0	0				
2025-09-26 07:06:27	1848	104	0	0	0	0	0	74332	5715	179788	0	0	0				
2025-09-26 07:07:27	1848	104	0	0	0	0	0	74356	5715	179788	0	0	0				
2025-09-26 07:08:27	1848	104	0	0	0	0	0	74356	5715	179788	0	0	0				
2025-09-26 07:09:27	1848	104	0	0	0	0	0	74376	5715	179788	0	0	0				
2025-09-26 07:10:27	1848	104	0	0	0	0	0	74384	5715	179788	0	0	0				
2025-09-26 07:11:27	1848	104	0	0	0	0	0	74388	5715	179788	0	0	0				
2025-09-26 07:12:27	1848	104	0	0	0	0	0	74392	5715	179788	0	0	0				
2025-09-26 07:13:27	1848	104	0	0	0	0	0	74400	5715	179788	0	0	0				
2025-09-26 07:14:27	1848	104	0	0	0	0	0	74408	5715	179788	0	0	0				
2025-09-26 07:15:27	1848	104	0	0	0	0	0	74408	5715	179788	0	0	0				
2025-09-26 07:16:27	1848	104	0	0	0	0	0	74408	5715	179788	0	0	0				
2025-09-26 07:17:27	1848	104	0	0	0	0	0	74408	5715	179788	0	0	0				
2025-09-26 07:18:27	1848	104	0	0	0	0	0	74408	5715	179788	0	0	0				
2025-09-26 07:19:27	1848	104	0	0	0	0	0	74408	5715	179788	0	0	0				
2025-09-26 07:20:27	1848	104	0	0	0	0	0	74408	5715	179788	0	0	0				
2025-09-26 07:21:27	1848	104	0	0	0	0	0	74384	5715	179788	0	0	0				
2025-09-26 07:22:27	1848	104	0	0	0	0	0	74404	5715	179788	0	0	0				
2025-09-26 07:23:27	1848	104	0	0	0	0	0	74404	5715	179788	0	0	0				
2025-09-26 07:24:27	1848	104	0	0	0	0	0	74404	5715	179788	0	0	0				
2025-09-26 07:25:27	1848	104	0	0	0	0	0	74408	5715	179788	0	0	0				
2025-09-26 07:26:27	1848	104	0	0	0	0	0	74408	5715	179788	0	0	0				
2025-09-26 07:27:27	1848	104	0	0	0	0	0	74408	5715	179788	0	0	0				
2025-09-26 07:28:27	1848	104	0	0	0	0	0	74408	5715	179788	0	0	0				
2025-09-26 07:29:27	1848	104	0	0	0	0	0	74408	5715	179788	0	0	0				
2025-09-26 07:30:27	1848	104	0	0	0	0	0	74420	5715	179788	0	0	0				
2025-09-26 07:31:27	1848	104	0	0	0	0	0	74420	5715	179788	0	0	0				
2025-09-26 07:32:27	1848	104	0	0	0	0	0	74428	5715	179788	0	0	0				
2025-09-26 07:33:27	1848	104	0	0	0	0	0	74432	5715	179788	0	0	0				
2025-09-26 07:34:27	1848	104	0	0	0	0	0	74432	5715	179788	0	0	0				
2025-09-26 07:35:27	1848	104	0	0	0	0	0	74440	5715	179788	0	0	0				
2025-09-26 07:36:27	1848	104	0	0	0	0	0	74412	5715	179788	0	0	0				
2025-09-26 07:37:27	1848	104	0	0	0	0	0	74420	5715	179788	0	0	0				
2025-09-26 07:38:27	1848	104	0	0	0	0	0	74428	5715	179788	0	0	0				
2025-09-26 07:39:27	1848	104	0	0	0	0	0	74428	5715	179788	0	0	0				
2025-09-26 07:40:27	1848	104	0	0	0	0	0	74428	5715	179788	0	0	0				
2025-09-26 07:41:27	1848	104	0	0	0	0	0	74428	5715	179788	0	0	0				
2025-09-26 07:42:27	1848	104	0	0	0	0	0	74428	5715	179788	0	0	0				
2025-09-26 07:43:27	1848	104	0	0	0	0	0	74436	5715	179788	0	0	0				
2025-09-26 07:44:27	1848	104	0	0	0	0	0	74436	5715	179788	0	0	0				
2025-09-26 07:45:27	1848	104	0	0	0	0	0	74444	5715	179788	0	0	0				
2025-09-26 07:46:27	1848	104	0	0	0	0	0	74444	5715	179788	0	0	0				
2025-09-26 07:47:27	1848	104	0	0	0	0	0	74444	5715	179788	0	0	0				
2025-09-26 07:48:27	1848	104	0	0	0	0	0	74448	5715	179788	0	0	0				
2025-09-26 07:49:27	1848	104	0	0	0	0	0	74448	5715	179788	0	0	0				
2025-09-26 07:50:27	1848	104	0	0	0	0	0	74448	5715	179788	0	0	0				
2025-09-26 07:51:27	1848	104	0	0	0	0	0	74428	5715	179788	0	0	0				
2025-09-26 07:52:27	1848	104	0	0	0	0	0	74428	5715	179788	0	0	0				
2025-09-26 07:53:27	1848	104	0	0	0	0	0	74432	5715	179788	0	0	0				
2025-09-26 07:54:27	1848	104	0	0	0	0	0	74436	5715	179788	0	0	0				
2025-09-26 07:55:27	1848	104	0	0	0	0	0	74440	5715	179788	0	0	0				
2025-09-26 07:56:27	1848	104	0	0	0	0	0	74440	5715	179788	0	0	0				
2025-09-26 07:57:27	1848	104	0	0	0	0	0	74456	5715	179788	0	0	0				
2025-09-26 07:58:27	1848	104	0	0	0	0	0	74456	5715	179788	0	0	0				
2025-09-26 07:59:27	1848	104	0	0	0	0	0	74456	5715	179788	0	0	0				
