2025-10-06 22:51:36	23872	101	0	0	0	23872	0	0	0	0	0	0	0			Scheduler 01	KitekatGS
2025-10-06 22:51:36	23872	3600	0	0	0	1759816296	1759302000	1761980400	0	0	0	0	0				
2025-10-06 22:51:36	23872	3600	0	0	1	1759816296	1759302000	1761980400	0	0	0	0	0				
2025-10-06 22:51:36	23872	3600	0	0	2	1759816296	1759302000	1761980400	0	0	0	0	0				
2025-10-06 22:51:36	23872	3600	0	0	3	1759816296	1759302000	1761980400	0	0	0	0	0				
2025-10-06 22:51:36	23872	3600	0	0	4	1759816296	4105152000	4105152000	0	0	0	0	0				
2025-10-06 22:51:36	23872	3300	2016027	0	284	100000	0	259200	0	0	0	1	579	AutoRegister	SVR180000001		
2025-10-06 22:51:36	23872	3300	2016028	0	285	100000	0	259200	0	0	0	1	580	AutoRegister	SVR180000001		
2025-10-06 22:51:36	23872	3300	2016039	0	286	100000	0	259200	0	0	0	1	581	AutoRegister	SVR180000001		
2025-10-06 22:51:36	23872	3300	2016038	0	287	100000	0	259200	0	0	0	1	582	AutoRegister	SVR180000001		
2025-10-06 22:51:36	23872	3300	2016037	0	288	100000	0	259200	0	0	0	1	583	AutoRegister	SVR180000001		
2025-10-06 22:51:36	23872	3300	2016030	0	289	100000	0	259200	0	0	0	1	584	AutoRegister	SVR180000001		
2025-10-06 22:51:36	23872	3300	2016031	0	290	100000	0	259200	0	0	0	1	585	AutoRegister	SVR180000001		
2025-10-06 22:51:36	23872	3300	2016032	0	291	100000	0	259200	0	0	0	1	586	AutoRegister	SVR180000001		
2025-10-06 22:51:36	23872	3300	2016033	0	292	100000	0	259200	0	0	0	1	587	AutoRegister	SVR180000001		
2025-10-06 22:51:36	23872	3300	2016034	0	293	100000	0	259200	0	0	0	1	588	AutoRegister	SVR180000001		
2025-10-06 22:51:36	23872	3300	2016035	0	294	100000	0	259200	0	0	0	1	589	AutoRegister	SVR180000001		
2025-10-06 22:51:36	23872	3300	601100285	0	295	100000	0	259200	0	0	0	1	590	AutoRegister	SVR180000001		
2025-10-06 22:51:36	23872	3300	910005	0	296	100000	0	259200	0	0	0	1	591	AutoRegister	SVR180000001		
2025-10-06 22:51:36	23872	3300	950019	0	297	100000	0	259200	0	0	0	1	592	AutoRegister	SVR180000001		
2025-10-06 22:51:36	23872	3300	705008	0	298	100000	0	259200	0	0	0	1	593	AutoRegister	SVR180000001		
2025-10-06 22:51:36	23872	3300	2016027	0	299	100000	0	259200	0	0	0	1	594	AutoRegister	SVR180000001		
2025-10-06 22:51:36	23872	3300	2016028	0	300	100000	0	259200	0	0	0	1	595	AutoRegister	SVR180000001		
2025-10-06 22:51:36	23872	3300	2016039	0	301	100000	0	259200	0	0	0	1	596	AutoRegister	SVR180000001		
2025-10-06 22:51:36	23872	3300	2016038	0	302	100000	0	259200	0	0	0	1	597	AutoRegister	SVR180000001		
2025-10-06 22:51:36	23872	3300	2016037	0	303	100000	0	259200	0	0	0	1	598	AutoRegister	SVR180000001		
2025-10-06 22:51:36	23872	3300	2016030	0	304	100000	0	259200	0	0	0	1	599	AutoRegister	SVR180000001		
2025-10-06 22:51:36	23872	3300	2016031	0	305	100000	0	259200	0	0	0	1	600	AutoRegister	SVR180000001		
2025-10-06 22:51:36	23872	3300	2016032	0	306	100000	0	259200	0	0	0	1	601	AutoRegister	SVR180000001		
2025-10-06 22:51:36	23872	3300	2016033	0	307	100000	0	259200	0	0	0	1	602	AutoRegister	SVR180000001		
2025-10-06 22:51:36	23872	3300	2016034	0	308	100000	0	259200	0	0	0	1	603	AutoRegister	SVR180000001		
2025-10-06 22:51:36	23872	3300	2016035	0	309	100000	0	259200	0	0	0	1	604	AutoRegister	SVR180000001		
2025-10-06 22:51:36	23872	3300	705007	0	310	100000	0	259200	0	0	0	1	605	AutoRegister	SVR180000001		
2025-10-06 22:51:36	23872	3300	705004	0	311	100000	0	259200	0	0	0	1	606	AutoRegister	SVR180000001		
2025-10-06 22:51:36	23872	3300	705002	0	312	100000	0	259200	0	0	0	1	607	AutoRegister	SVR180000001		
2025-10-06 22:51:36	23872	3300	705011	0	313	100000	0	259200	0	0	0	1	608	AutoRegister	SVR180000001		
2025-10-06 22:51:36	23872	3300	2016039	0	314	100000	0	86400	0	0	0	1	609	AutoRegister	SVR180000001		
2025-10-06 22:51:36	23872	3300	2016038	0	315	100000	0	86400	0	0	0	1	610	AutoRegister	SVR180000001		
2025-10-06 22:51:36	23872	3300	2016037	0	316	100000	0	86400	0	0	0	1	611	AutoRegister	SVR180000001		
2025-10-06 22:51:36	23872	3300	2016030	0	317	100000	0	86400	0	0	0	1	612	AutoRegister	SVR180000001		
2025-10-06 22:51:36	23872	3300	2016031	0	318	100000	0	86400	0	0	0	1	613	AutoRegister	SVR180000001		
2025-10-06 22:51:36	23872	3300	2016032	0	319	100000	0	86400	0	0	0	1	614	AutoRegister	SVR180000001		
2025-10-06 22:51:36	23872	3300	2016032	0	320	100000	0	86400	0	0	0	1	615	AutoRegister	SVR180000001		
2025-10-06 22:51:36	23872	3300	910005	0	321	100000	0	86400	0	0	0	1	616	AutoRegister	SVR180000001		
2025-10-06 22:51:36	23872	3306	910005	0	283	0	0	0	0	0	0	0	575			SVR180000001	
2025-10-06 22:51:36	23872	3306	2016030	0	279	0	0	0	0	0	0	0	571			SVR180000001	
2025-10-06 22:51:36	23872	3306	2016031	0	280	0	0	0	0	0	0	0	572			SVR180000001	
2025-10-06 22:51:36	23872	3306	2016032	0	282	0	0	0	0	0	0	0	574			SVR180000001	
2025-10-06 22:51:36	23872	3306	2016032	0	281	0	0	0	0	0	0	0	573			SVR180000001	
2025-10-06 22:51:36	23872	3306	2016037	0	278	0	0	0	0	0	0	0	570			SVR180000001	
2025-10-06 22:51:36	23872	3306	2016038	0	277	0	0	0	0	0	0	0	569			SVR180000001	
2025-10-06 22:51:36	23872	3306	2016039	0	276	0	0	0	0	0	0	0	568			SVR180000001	
2025-10-06 22:52:03	21720	101	0	0	0	21720	0	0	0	0	0	0	0			IOCP 02	KitekatGS
2025-10-06 22:52:03	21720	110	1	0	0	0	0	0	0	0	0	0	0	fraun	2C-F0-5D-E0-C8-8C|Windows  (6.2.9200)|NVIDIA GeForce RTX 4060Drv Version : 32767.65535.65535.65535	192.168.122.1	
2025-10-06 22:52:06	28280	101	0	0	0	28280	0	0	0	0	0	0	0				KitekatGS
2025-10-06 22:52:06	28280	2101	1	1	0	0	0	314138	4080433412	0	153739	76679	0	fraun	Fraun		
2025-10-06 22:52:06	28280	2103	1	1	300	105	1349000	320	4080433412	0	0	0	272233208401492000	fraun	Fraun		
2025-10-06 22:52:20	4420	101	0	0	0	4420	0	0	0	0	0	0	0			IOCP 03	KitekatGS
2025-10-06 22:52:20	4420	2201	1	1	100	0	0	0	0	0	0	0	0	fraun	Fraun		/run warp(5000,25000)
2025-10-06 22:52:20	4420	2201	1	1	100	0	0	0	0	0	0	0	0	fraun	Fraun		/run warp(5000,25000)
2025-10-06 22:52:20	22620	101	0	0	0	22620	0	0	0	0	0	0	0			Scheduler 00	KitekatGS
2025-10-06 22:52:20	22620	2701	1	1	0	0	0	0	153739	76679	5000	25000	0	fraun	Fraun		
2025-10-06 22:52:23	23872	104	0	0	0	1	1	1419036	1443	43372	0	0	0				
2025-10-06 22:52:28	21720	2201	1	1	100	0	0	0	0	0	0	0	0	fraun	Fraun		/regenerate 9200201 100
2025-10-06 22:52:40	21720	2302	1	1	0	3185	1	-1	1349000	73	0	0	0	fraun	Fraun		
2025-10-06 22:52:40	21720	2201	1	1	100	0	0	0	0	0	0	0	0	fraun	Fraun		/run learn_skill(3185)
2025-10-06 22:52:40	21720	2201	1	1	100	0	0	0	0	0	0	0	0	fraun	Fraun		/run learn_skill(3185)
2025-10-06 22:52:40	21720	2302	1	1	0	3185	2	-1	1349000	0	0	0	0	fraun	Fraun		
2025-10-06 22:52:40	21720	2201	1	1	100	0	0	0	0	0	0	0	0	fraun	Fraun		/run learn_skill(3185)
2025-10-06 22:52:40	21720	2201	1	1	100	0	0	0	0	0	0	0	0	fraun	Fraun		/run learn_skill(3185)
2025-10-06 22:52:41	4420	2302	1	1	0	3185	3	-1	1349000	0	0	0	0	fraun	Fraun		
2025-10-06 22:52:41	4420	2201	1	1	100	0	0	0	0	0	0	0	0	fraun	Fraun		/run learn_skill(3185)
2025-10-06 22:52:41	4420	2201	1	1	100	0	0	0	0	0	0	0	0	fraun	Fraun		/run learn_skill(3185)
2025-10-06 22:52:41	21720	2302	1	1	0	3185	4	-1	1349000	0	0	0	0	fraun	Fraun		
2025-10-06 22:52:41	21720	2201	1	1	100	0	0	0	0	0	0	0	0	fraun	Fraun		/run learn_skill(3185)
2025-10-06 22:52:41	21720	2201	1	1	100	0	0	0	0	0	0	0	0	fraun	Fraun		/run learn_skill(3185)
2025-10-06 22:52:42	21720	2302	1	1	0	3185	5	-1	1349000	0	0	0	0	fraun	Fraun		
2025-10-06 22:52:42	21720	2201	1	1	100	0	0	0	0	0	0	0	0	fraun	Fraun		/run learn_skill(3185)
2025-10-06 22:52:42	21720	2201	1	1	100	0	0	0	0	0	0	0	0	fraun	Fraun		/run learn_skill(3185)
2025-10-06 22:52:42	21720	2302	1	1	0	3185	6	-1	1349000	0	0	0	0	fraun	Fraun		
2025-10-06 22:52:42	21720	2201	1	1	100	0	0	0	0	0	0	0	0	fraun	Fraun		/run learn_skill(3185)
2025-10-06 22:52:42	21720	2201	1	1	100	0	0	0	0	0	0	0	0	fraun	Fraun		/run learn_skill(3185)
2025-10-06 22:52:48	4420	2302	1	1	0	3185	7	-1	1349000	0	0	0	0	fraun	Fraun		
2025-10-06 22:52:48	4420	2201	1	1	100	0	0	0	0	0	0	0	0	fraun	Fraun		/run learn_skill(3185)
2025-10-06 22:52:48	4420	2201	1	1	100	0	0	0	0	0	0	0	0	fraun	Fraun		/run learn_skill(3185)
2025-10-06 22:52:49	21720	2302	1	1	0	3185	8	-1	1349000	0	0	0	0	fraun	Fraun		
2025-10-06 22:52:49	21720	2201	1	1	100	0	0	0	0	0	0	0	0	fraun	Fraun		/run learn_skill(3185)
2025-10-06 22:52:49	21720	2201	1	1	100	0	0	0	0	0	0	0	0	fraun	Fraun		/run learn_skill(3185)
2025-10-06 22:52:49	4420	2302	1	1	0	3185	9	-1	1349000	0	0	0	0	fraun	Fraun		
2025-10-06 22:52:49	4420	2201	1	1	100	0	0	0	0	0	0	0	0	fraun	Fraun		/run learn_skill(3185)
2025-10-06 22:52:49	4420	2201	1	1	100	0	0	0	0	0	0	0	0	fraun	Fraun		/run learn_skill(3185)
2025-10-06 22:52:50	4420	2302	1	1	0	3185	10	-1	1349000	0	0	0	0	fraun	Fraun		
2025-10-06 22:52:50	4420	2201	1	1	100	0	0	0	0	0	0	0	0	fraun	Fraun		/run learn_skill(3185)
2025-10-06 22:52:50	4420	2201	1	1	100	0	0	0	0	0	0	0	0	fraun	Fraun		/run learn_skill(3185)
2025-10-06 22:52:50	21720	2302	1	1	0	3185	11	-1	1349000	0	0	0	0	fraun	Fraun		
2025-10-06 22:52:50	21720	2201	1	1	100	0	0	0	0	0	0	0	0	fraun	Fraun		/run learn_skill(3185)
2025-10-06 22:52:50	21720	2201	1	1	100	0	0	0	0	0	0	0	0	fraun	Fraun		/run learn_skill(3185)
2025-10-06 22:52:51	21720	2302	1	1	0	3185	12	-1	1349000	0	0	0	0	fraun	Fraun		
2025-10-06 22:52:51	21720	2201	1	1	100	0	0	0	0	0	0	0	0	fraun	Fraun		/run learn_skill(3185)
2025-10-06 22:52:51	21720	2201	1	1	100	0	0	0	0	0	0	0	0	fraun	Fraun		/run learn_skill(3185)
2025-10-06 22:53:23	23872	104	0	0	0	1	1	1433100	6828	146357	0	0	0				
2025-10-06 22:53:59	21720	2201	1	1	100	0	0	0	0	0	0	0	0	fraun	Fraun		/regenerate 9200201 200
2025-10-06 22:54:23	23872	104	0	0	0	1	0	1434236	11747	685225	0	0	0				
2025-10-06 22:54:31	21720	2201	1	1	100	0	0	0	0	0	0	0	0	fraun	Fraun		/regenerate 9200201 300
2025-10-06 22:55:23	23872	104	0	0	0	1	1	1435348	19313	1740846	0	0	0				
2025-10-06 22:56:23	23872	104	0	0	0	1	3	1435404	23879	3259582	0	0	0				
2025-10-06 22:57:23	23872	104	0	0	0	1	0	1435444	25971	4095756	0	0	0				
2025-10-06 22:57:56	21720	2201	1	1	100	0	0	0	0	0	0	0	0	fraun	Fraun		/regenerate 9200201 500
2025-10-06 22:58:23	23872	104	0	0	0	1	2	1436512	38361	4780531	0	0	0				
2025-10-06 22:58:29	4420	2201	1	1	100	0	0	0	0	0	0	0	0	fraun	Fraun		/regenerate 9200201 200
2025-10-06 22:59:22	21720	2102	1	1	300	320	0	316338	4080433412	0	5043	24932	436	fraun	Fraun		
2025-10-06 22:59:22	21720	2103	1	1	300	105	1349000	320	4080433412	0	0	0	272233203522076672	fraun	Fraun		
2025-10-06 22:59:23	23872	104	0	0	0	0	0	1436656	44396	5917009	0	0	0				
