2025-09-24 18:00:33	13660	104	0	0	0	1	0	152208	14195	51348	0	0	0				
2025-09-24 18:01:33	13660	104	0	0	0	1	1	152228	14517	51414	0	0	0				
2025-09-24 18:02:33	13660	104	0	0	0	1	0	152252	14861	51480	0	0	0				
2025-09-24 18:03:33	13660	104	0	0	0	1	0	152280	15238	51561	0	0	0				
2025-09-24 18:04:33	13660	104	0	0	0	1	0	152292	15588	51627	0	0	0				
2025-09-24 18:05:33	13660	104	0	0	0	1	0	152292	15880	51693	0	0	0				
2025-09-24 18:06:33	13660	104	0	0	0	1	0	152300	16241	51759	0	0	0				
2025-09-24 18:07:33	13660	104	0	0	0	1	0	152316	16571	51825	0	0	0				
2025-09-24 18:08:33	13660	104	0	0	0	1	0	152340	16893	51906	0	0	0				
2025-09-24 18:09:33	13660	104	0	0	0	1	0	152340	17250	51972	0	0	0				
2025-09-24 18:10:33	13660	104	0	0	0	1	0	152344	17568	52038	0	0	0				
2025-09-24 18:11:33	13660	104	0	0	0	1	0	152372	17899	52104	0	0	0				
2025-09-24 18:12:33	13660	104	0	0	0	1	0	152372	18250	52170	0	0	0				
2025-09-24 18:13:33	13660	104	0	0	0	1	0	152384	18604	52251	0	0	0				
2025-09-24 18:14:33	13660	104	0	0	0	1	0	152384	18926	52302	0	0	0				
2025-09-24 18:15:33	13660	104	0	0	0	1	0	152392	19255	52368	0	0	0				
2025-09-24 18:16:33	13660	104	0	0	0	1	0	152392	19613	52434	0	0	0				
2025-09-24 18:17:33	13660	104	0	0	0	1	0	152400	19985	52500	0	0	0				
2025-09-24 18:18:33	13660	104	0	0	0	1	0	152400	20361	52581	0	0	0				
2025-09-24 18:19:33	13660	104	0	0	0	1	0	152404	20688	52647	0	0	0				
2025-09-24 18:20:33	13660	104	0	0	0	1	0	152404	21049	52713	0	0	0				
2025-09-24 18:21:33	13660	104	0	0	0	1	0	152404	21364	52779	0	0	0				
2025-09-24 18:22:33	13660	104	0	0	0	1	0	152324	21668	52845	0	0	0				
2025-09-24 18:23:33	13660	104	0	0	0	1	0	152392	22007	52926	0	0	0				
2025-09-24 18:24:33	13660	104	0	0	0	1	0	152392	22365	52992	0	0	0				
2025-09-24 18:25:33	13660	104	0	0	0	1	0	152396	22742	53058	0	0	0				
2025-09-24 18:26:33	13660	104	0	0	0	1	0	152408	23103	53124	0	0	0				
2025-09-24 18:27:33	13660	104	0	0	0	1	0	152412	23454	53190	0	0	0				
2025-09-24 18:28:33	13660	104	0	0	0	1	0	152432	23795	53271	0	0	0				
2025-09-24 18:29:33	13660	104	0	0	0	1	0	152432	24159	53337	0	0	0				
2025-09-24 18:30:33	13660	104	0	0	0	1	0	152432	24524	53403	0	0	0				
2025-09-24 18:31:33	13660	104	0	0	0	1	0	152432	24884	53469	0	0	0				
2025-09-24 18:32:33	13660	104	0	0	0	1	0	152436	25265	53535	0	0	0				
2025-09-24 18:33:33	13660	104	0	0	0	1	0	152444	25610	53616	0	0	0				
2025-09-24 18:34:09	13960	101	0	0	0	13960	0	0	0	0	0	0	0			IOCP 00	KitekatGS
2025-09-24 18:34:09	13960	3902	1	1	80000	0	1	-1	0	0	0	0	0	fraun	Fraun		
2025-09-24 18:34:09	13960	3906	0	0	80000	0	1	0	0	0	0	0	0			MMT_on_leave( 1 )	USER_LEAVE
2025-09-24 18:34:09	13960	2102	1	1	300	300	0	274038	4080793412	1	19129	51575	4013	fraun	Fraun		
2025-09-24 18:34:09	13960	2103	1	1	300	10	1	300	4080793412	0	0	0	272233203522076672	fraun	Fraun		
2025-09-24 18:34:09	10156	101	0	0	0	10156	0	0	0	0	0	0	0			Scheduler 03	KitekatGS
2025-09-24 18:34:09	10156	3903	1	1	80000	0	1	-1	0	0	0	0	0	fraun	Fraun		
