2025-09-19 02:00:38	9024	104	0	0	0	0	0	650784	641	2381	0	0	0				
2025-09-19 02:01:38	9024	104	0	0	0	0	1	650812	641	2381	0	0	0				
2025-09-19 02:02:38	9024	104	0	0	0	0	0	650856	641	2381	0	0	0				
2025-09-19 02:03:38	9024	104	0	0	0	0	0	650892	641	2381	0	0	0				
2025-09-19 02:04:38	9024	104	0	0	0	0	0	650908	641	2381	0	0	0				
2025-09-19 02:05:38	9024	104	0	0	0	0	0	650924	641	2381	0	0	0				
2025-09-19 02:06:38	9024	104	0	0	0	0	0	650948	641	2381	0	0	0				
2025-09-19 02:07:38	9024	104	0	0	0	0	0	650976	641	2381	0	0	0				
2025-09-19 02:08:38	9024	104	0	0	0	0	0	650988	641	2381	0	0	0				
2025-09-19 02:09:38	9024	104	0	0	0	0	0	651008	641	2381	0	0	0				
2025-09-19 02:10:38	9024	104	0	0	0	0	0	651008	641	2381	0	0	0				
2025-09-19 02:11:38	9024	104	0	0	0	0	0	651076	641	2381	0	0	0				
2025-09-19 02:12:38	9024	104	0	0	0	0	0	651092	641	2381	0	0	0				
2025-09-19 02:13:38	9024	104	0	0	0	0	0	651108	641	2381	0	0	0				
2025-09-19 02:14:38	9024	104	0	0	0	0	0	651140	641	2381	0	0	0				
2025-09-19 02:15:38	9024	104	0	0	0	0	0	651148	641	2381	0	0	0				
2025-09-19 02:16:38	9024	104	0	0	0	0	0	651152	641	2381	0	0	0				
2025-09-19 02:17:38	9024	104	0	0	0	0	0	651168	641	2381	0	0	0				
2025-09-19 02:18:38	9024	104	0	0	0	0	0	651172	641	2381	0	0	0				
2025-09-19 02:19:38	9024	104	0	0	0	0	0	651184	641	2381	0	0	0				
2025-09-19 02:20:38	9024	104	0	0	0	0	0	651200	641	2381	0	0	0				
2025-09-19 02:21:38	9024	104	0	0	0	0	0	651212	641	2381	0	0	0				
2025-09-19 02:22:38	9024	104	0	0	0	0	0	651212	641	2381	0	0	0				
2025-09-19 02:23:38	9024	104	0	0	0	0	0	651220	641	2381	0	0	0				
2025-09-19 02:24:38	9024	104	0	0	0	0	0	651224	641	2381	0	0	0				
2025-09-19 02:25:38	9024	104	0	0	0	0	0	651192	641	2381	0	0	0				
2025-09-19 02:26:38	9024	104	0	0	0	0	0	651220	641	2381	0	0	0				
2025-09-19 02:27:38	9024	104	0	0	0	0	0	651236	641	2381	0	0	0				
2025-09-19 02:28:38	9024	104	0	0	0	0	0	651244	641	2381	0	0	0				
2025-09-19 02:29:38	9024	104	0	0	0	0	0	651260	641	2381	0	0	0				
2025-09-19 02:30:38	9024	104	0	0	0	0	0	651260	641	2381	0	0	0				
2025-09-19 02:31:38	9024	104	0	0	0	0	0	651272	641	2381	0	0	0				
2025-09-19 02:32:38	9024	104	0	0	0	0	0	651280	641	2381	0	0	0				
2025-09-19 02:33:38	9024	104	0	0	0	0	1	651284	641	2381	0	0	0				
2025-09-19 02:34:38	9024	104	0	0	0	0	0	651300	641	2381	0	0	0				
2025-09-19 02:35:38	9024	104	0	0	0	0	0	651304	641	2381	0	0	0				
2025-09-19 02:36:38	9024	104	0	0	0	0	0	651304	641	2381	0	0	0				
2025-09-19 02:37:38	9024	104	0	0	0	0	0	651308	641	2381	0	0	0				
2025-09-19 02:38:38	9024	104	0	0	0	0	0	651312	641	2381	0	0	0				
2025-09-19 02:39:38	9024	104	0	0	0	0	0	651328	641	2381	0	0	0				
2025-09-19 02:40:38	9024	104	0	0	0	0	0	651304	641	2381	0	0	0				
2025-09-19 02:41:38	9024	104	0	0	0	0	0	651316	641	2381	0	0	0				
2025-09-19 02:42:38	9024	104	0	0	0	0	0	651324	641	2381	0	0	0				
2025-09-19 02:43:38	9024	104	0	0	0	0	0	651328	641	2381	0	0	0				
2025-09-19 02:44:38	9024	104	0	0	0	0	0	651340	641	2381	0	0	0				
2025-09-19 02:45:38	9024	104	0	0	0	0	0	651344	641	2381	0	0	0				
2025-09-19 02:46:38	9024	104	0	0	0	0	0	651344	641	2381	0	0	0				
2025-09-19 02:47:38	9024	104	0	0	0	0	0	651348	641	2381	0	0	0				
2025-09-19 02:48:38	9024	104	0	0	0	0	0	651348	641	2381	0	0	0				
2025-09-19 02:49:38	9024	104	0	0	0	0	0	651352	641	2381	0	0	0				
2025-09-19 02:50:38	9024	104	0	0	0	0	0	651368	641	2381	0	0	0				
2025-09-19 02:51:38	9024	104	0	0	0	0	0	651368	641	2381	0	0	0				
2025-09-19 02:52:38	9024	104	0	0	0	0	0	651372	641	2381	0	0	0				
2025-09-19 02:53:38	9024	104	0	0	0	0	0	651372	641	2381	0	0	0				
2025-09-19 02:54:38	9024	104	0	0	0	0	0	651376	641	2381	0	0	0				
2025-09-19 02:55:38	9024	104	0	0	0	0	0	651356	641	2381	0	0	0				
2025-09-19 02:56:38	9024	104	0	0	0	0	0	651364	641	2381	0	0	0				
2025-09-19 02:57:38	9024	104	0	0	0	0	0	651368	641	2381	0	0	0				
2025-09-19 02:58:38	9024	104	0	0	0	0	0	651372	641	2381	0	0	0				
2025-09-19 02:59:38	9024	104	0	0	0	0	0	651372	641	2381	0	0	0				
