2025-09-23 23:00:11	3824	2704	1	1	26960	54232	1	22000384	26885	54115	1	9742	20	admin	Fraun	Fraun	SVR22030384
2025-09-23 23:00:11	3824	2705	1	1	26960	54232	1	22000384	26885	54115	1	9742	20	admin	Fraun	Fraun	SVR22030384
2025-09-23 23:00:17	9676	2711	1	1	0	22000384	80000	26885	54115	26911	54131	1	0	admin	Fraun		
2025-09-23 23:00:20	15776	2401	1	1	1	2013816	1	3	0	0	26877	54121	190	admin	Fraun		PICK
2025-09-23 23:00:21	15776	2401	1	1	1	3100034	1	1	0	0	26879	54118	545	admin	Fraun		PICK
2025-09-23 23:00:21	15776	2401	1	1	1	2016132	249	1519	0	0	26881	54117	165	admin	Fraun		PICK
2025-09-23 23:00:21	15776	2401	1	1	1	2016153	15	46	0	0	26886	54117	188	admin	Fraun		PICK
2025-09-23 23:00:21	15776	2401	1	1	1	2016156	1	1	0	0	26886	54114	546	admin	Fraun		PICK
2025-09-23 23:00:21	15776	2401	1	1	1	3100035	1	1	0	0	26882	54109	547	admin	Fraun		PICK
2025-09-23 23:00:21	7624	2401	1	1	1	2016099	1	1	0	0	26888	54113	548	admin	Fraun		PICK
2025-09-23 23:00:21	7624	2401	1	1	1	3100036	1	1	0	0	26888	54111	549	admin	Fraun		PICK
2025-09-23 23:00:24	15776	2401	1	1	1	2016127	1	1	0	0	26890	54116	550	admin	Fraun		PICK
2025-09-23 23:00:24	15776	2401	1	1	1	0	0	0	1000000	4079800912	26889	54123	0	admin	Fraun		PICK
2025-09-23 23:00:24	15776	2401	1	1	1	540201	26	47	0	0	26893	54115	193	admin	Fraun		PICK
2025-09-23 23:00:24	7624	2401	1	1	1	540202	8	16	0	0	26893	54112	185	admin	Fraun		PICK
2025-09-23 23:00:26	15776	2401	1	1	1	2016126	1	3	0	0	26933	54235	189	admin	Fraun		PICK
2025-09-23 23:00:27	15776	2401	1	1	1	2016132	177	1696	0	0	26930	54234	165	admin	Fraun		PICK
2025-09-23 23:00:27	15776	2401	1	1	1	0	0	0	1000000	4080800912	26932	54241	0	admin	Fraun		PICK
2025-09-23 23:00:27	15776	2401	1	1	1	2016154	20	89	0	0	26926	54235	167	admin	Fraun		PICK
2025-09-23 23:00:27	15776	2401	1	1	1	2016153	9	55	0	0	26939	54239	188	admin	Fraun		PICK
2025-09-23 23:00:27	15776	2401	1	1	1	307050	1	2	0	0	26926	54238	194	admin	Fraun		PICK
2025-09-23 23:00:27	9980	2401	1	1	1	2013816	1	4	0	0	26926	54241	190	admin	Fraun		PICK
2025-09-23 23:00:49	11132	104	0	0	0	1	0	502412	194913	1473370	0	0	0				
2025-09-23 23:00:49	3824	2413	0	0	1	810221	1	1	0	0	27895	54116	0			SUCS	COLLECTOR
2025-09-23 23:00:49	3824	2413	0	0	1	1100408	8	8	0	0	27897	54123	0			SUCS	COLLECTOR
2025-09-23 23:00:49	3824	2413	0	0	1	540201	2	2	0	0	27910	54116	0			SUCS	COLLECTOR
2025-09-23 23:00:49	3824	2413	0	0	1	540055	4	4	0	0	27896	54120	0			SUCS	COLLECTOR
2025-09-23 23:00:49	3824	2413	0	0	1	540052	1	1	0	0	27911	54124	0			SUCS	COLLECTOR
2025-09-23 23:00:49	3824	2413	0	0	1	540010	1	1	0	0	27900	54124	0			SUCS	COLLECTOR
2025-09-23 23:00:49	3824	2413	0	0	1	1100102	22	22	0	0	27908	54116	0			SUCS	COLLECTOR
2025-09-23 23:00:49	3824	2413	0	0	1	1100101	416	416	0	0	27908	54116	0			SUCS	COLLECTOR
2025-09-23 23:00:49	3824	2413	0	0	1	2016154	3	3	0	0	27898	54114	0			SUCS	COLLECTOR
2025-09-23 23:00:49	3824	2413	0	0	1	2016132	3	3	0	0	27899	54114	0			SUCS	COLLECTOR
2025-09-23 23:00:49	3824	2413	0	0	1	810230	1	1	0	0	27930	54128	0			SUCS	COLLECTOR
2025-09-23 23:00:49	3824	2413	0	0	1	810221	2	2	0	0	27933	54130	0			SUCS	COLLECTOR
2025-09-23 23:00:49	3824	2413	0	0	1	1100408	5	5	0	0	27942	54121	0			SUCS	COLLECTOR
2025-09-23 23:00:49	3824	2413	0	0	1	540059	1	1	0	0	27943	54132	0			SUCS	COLLECTOR
2025-09-23 23:00:49	3824	2413	0	0	1	540052	1	1	0	0	27927	54135	0			SUCS	COLLECTOR
2025-09-23 23:00:49	3824	2413	0	0	1	540012	1	1	0	0	27934	54132	0			SUCS	COLLECTOR
2025-09-23 23:00:49	3824	2413	0	0	1	1100102	13	13	0	0	27933	54124	0			SUCS	COLLECTOR
2025-09-23 23:00:49	3824	2413	0	0	1	1100101	334	334	0	0	27927	54122	0			SUCS	COLLECTOR
2025-09-23 23:00:49	3824	2413	0	0	1	2016154	2	2	0	0	27936	54131	0			SUCS	COLLECTOR
2025-09-23 23:00:49	3824	2413	0	0	1	2016132	7	7	0	0	27938	54125	0			SUCS	COLLECTOR
2025-09-23 23:00:49	3824	2413	0	0	1	810229	1	1	0	0	28918	54337	0			SUCS	COLLECTOR
2025-09-23 23:00:49	3824	2413	0	0	1	810227	1	1	0	0	28915	54340	0			SUCS	COLLECTOR
2025-09-23 23:00:49	3824	2413	0	0	1	810222	1	1	0	0	28911	54337	0			SUCS	COLLECTOR
2025-09-23 23:00:49	3824	2413	0	0	1	1100408	8	8	0	0	28917	54345	0			SUCS	COLLECTOR
2025-09-23 23:00:49	3824	2413	0	0	1	540067	1	1	0	0	28921	54347	0			SUCS	COLLECTOR
2025-09-23 23:00:49	3824	2413	0	0	1	540059	2	2	0	0	28907	54340	0			SUCS	COLLECTOR
2025-09-23 23:00:49	3824	2413	0	0	1	1100102	15	15	0	0	28923	54335	0			SUCS	COLLECTOR
2025-09-23 23:00:49	3824	2413	0	0	1	1100101	385	385	0	0	28915	54341	0			SUCS	COLLECTOR
2025-09-23 23:00:49	3824	2413	0	0	1	2016154	3	3	0	0	28921	54348	0			SUCS	COLLECTOR
2025-09-23 23:00:49	3824	2413	0	0	1	2016132	4	4	0	0	28917	54343	0			SUCS	COLLECTOR
2025-09-23 23:00:49	3824	2413	0	0	1	810226	1	1	0	0	28919	54309	0			SUCS	COLLECTOR
2025-09-23 23:00:49	3824	2413	0	0	1	1100408	5	5	0	0	28927	54305	0			SUCS	COLLECTOR
2025-09-23 23:00:49	3824	2413	0	0	1	540059	1	1	0	0	28934	54317	0			SUCS	COLLECTOR
2025-09-23 23:00:49	3824	2413	0	0	1	540013	1	1	0	0	28920	54320	0			SUCS	COLLECTOR
2025-09-23 23:00:49	3824	2413	0	0	1	540012	2	2	0	0	28934	54310	0			SUCS	COLLECTOR
2025-09-23 23:00:49	3824	2413	0	0	1	540010	1	1	0	0	28925	54312	0			SUCS	COLLECTOR
2025-09-23 23:00:49	3824	2413	0	0	1	1100102	21	21	0	0	28926	54320	0			SUCS	COLLECTOR
2025-09-23 23:00:49	3824	2413	0	0	1	1100101	387	387	0	0	28931	54314	0			SUCS	COLLECTOR
2025-09-23 23:00:49	3824	2413	0	0	1	2016154	2	2	0	0	28933	54321	0			SUCS	COLLECTOR
2025-09-23 23:00:49	3824	2413	0	0	1	2016132	2	2	0	0	28926	54307	0			SUCS	COLLECTOR
2025-09-23 23:00:49	3824	2413	0	0	1	810229	1	1	0	0	29187	54289	0			SUCS	COLLECTOR
2025-09-23 23:00:49	3824	2413	0	0	1	810223	2	2	0	0	29184	54285	0			SUCS	COLLECTOR
2025-09-23 23:00:49	3824	2413	0	0	1	1100408	6	6	0	0	29181	54292	0			SUCS	COLLECTOR
2025-09-23 23:00:49	3824	2413	0	0	1	540202	1	1	0	0	29177	54300	0			SUCS	COLLECTOR
2025-09-23 23:00:49	3824	2413	0	0	1	540067	1	1	0	0	29185	54293	0			SUCS	COLLECTOR
2025-09-23 23:00:49	3824	2413	0	0	1	540065	1	1	0	0	29183	54293	0			SUCS	COLLECTOR
2025-09-23 23:00:49	3824	2413	0	0	1	540055	1	1	0	0	29187	54300	0			SUCS	COLLECTOR
2025-09-23 23:00:49	3824	2413	0	0	1	540052	1	1	0	0	29186	54289	0			SUCS	COLLECTOR
2025-09-23 23:00:49	3824	2413	0	0	1	540013	1	1	0	0	29181	54298	0			SUCS	COLLECTOR
2025-09-23 23:00:49	3824	2413	0	0	1	1100102	27	27	0	0	29187	54290	0			SUCS	COLLECTOR
2025-09-23 23:00:49	3824	2413	0	0	1	1100101	421	421	0	0	29190	54285	0			SUCS	COLLECTOR
2025-09-23 23:00:49	3824	2413	0	0	1	2016154	4	4	0	0	29175	54297	0			SUCS	COLLECTOR
2025-09-23 23:00:49	3824	2413	0	0	1	2016132	2	2	0	0	29182	54299	0			SUCS	COLLECTOR
2025-09-23 23:00:49	3824	2413	0	0	1	810232	1	1	0	0	29148	54324	0			SUCS	COLLECTOR
2025-09-23 23:00:49	3824	2413	0	0	1	810221	1	1	0	0	29154	54327	0			SUCS	COLLECTOR
2025-09-23 23:00:49	3824	2413	0	0	1	1100408	7	7	0	0	29153	54323	0			SUCS	COLLECTOR
2025-09-23 23:00:49	3824	2413	0	0	1	540201	1	1	0	0	29155	54335	0			SUCS	COLLECTOR
2025-09-23 23:00:49	3824	2413	0	0	1	540036	1	1	0	0	29148	54323	0			SUCS	COLLECTOR
2025-09-23 23:00:49	3824	2413	0	0	1	540012	2	2	0	0	29148	54323	0			SUCS	COLLECTOR
2025-09-23 23:00:49	3824	2413	0	0	1	1100102	19	19	0	0	29147	54329	0			SUCS	COLLECTOR
2025-09-23 23:00:49	3824	2413	0	0	1	1100101	430	430	0	0	29163	54328	0			SUCS	COLLECTOR
2025-09-23 23:00:49	3824	2413	0	0	1	2016154	2	2	0	0	29153	54332	0			SUCS	COLLECTOR
2025-09-23 23:00:49	3824	2413	0	0	1	2016132	1	1	0	0	29150	54319	0			SUCS	COLLECTOR
2025-09-23 23:00:49	3824	2413	0	0	1	810231	1	1	0	0	29179	54328	0			SUCS	COLLECTOR
2025-09-23 23:00:49	3824	2413	0	0	1	2016132	8	8	0	0	29150	54283	0			SUCS	COLLECTOR
2025-09-23 23:00:49	3824	2413	0	0	1	2016154	1	1	0	0	29137	54281	0			SUCS	COLLECTOR
2025-09-23 23:00:49	3824	2413	0	0	1	1100101	414	414	0	0	29137	54281	0			SUCS	COLLECTOR
2025-09-23 23:00:49	3824	2413	0	0	1	1100102	21	21	0	0	29151	54285	0			SUCS	COLLECTOR
2025-09-23 23:00:49	3824	2413	0	0	1	540010	1	1	0	0	29149	54285	0			SUCS	COLLECTOR
2025-09-23 23:00:49	3824	2413	0	0	1	1100408	5	5	0	0	29138	54285	0			SUCS	COLLECTOR
2025-09-23 23:00:49	3824	2413	0	0	1	810224	1	1	0	0	29145	54277	0			SUCS	COLLECTOR
2025-09-23 23:00:49	3824	2413	0	0	1	810228	1	1	0	0	29136	54292	0			SUCS	COLLECTOR
2025-09-23 23:00:49	3824	2413	0	0	1	2016132	3	3	0	0	29165	54340	0			SUCS	COLLECTOR
2025-09-23 23:00:49	3824	2413	0	0	1	2016154	1	1	0	0	29174	54336	0			SUCS	COLLECTOR
2025-09-23 23:00:49	3824	2413	0	0	1	1100101	397	397	0	0	29172	54328	0			SUCS	COLLECTOR
2025-09-23 23:00:49	3824	2413	0	0	1	1100102	16	16	0	0	29162	54333	0			SUCS	COLLECTOR
2025-09-23 23:00:49	3824	2413	0	0	1	540009	2	2	0	0	29167	54340	0			SUCS	COLLECTOR
2025-09-23 23:00:49	3824	2413	0	0	1	540010	1	1	0	0	29177	54341	0			SUCS	COLLECTOR
2025-09-23 23:00:49	3824	2413	0	0	1	540052	1	1	0	0	29172	54336	0			SUCS	COLLECTOR
2025-09-23 23:00:49	3824	2413	0	0	1	540055	1	1	0	0	29169	54343	0			SUCS	COLLECTOR
2025-09-23 23:00:49	3824	2413	0	0	1	540059	1	1	0	0	29167	54344	0			SUCS	COLLECTOR
2025-09-23 23:00:49	3824	2413	0	0	1	540065	2	2	0	0	29173	54332	0			SUCS	COLLECTOR
2025-09-23 23:00:49	3824	2413	0	0	1	540200	1	1	0	0	29163	54339	0			SUCS	COLLECTOR
2025-09-23 23:00:49	3824	2413	0	0	1	540201	1	1	0	0	29176	54341	0			SUCS	COLLECTOR
2025-09-23 23:00:49	3824	2413	0	0	1	1100408	8	8	0	0	29167	54339	0			SUCS	COLLECTOR
2025-09-23 23:00:49	3824	2413	0	0	1	810227	1	1	0	0	29165	54338	0			SUCS	COLLECTOR
2025-09-23 23:00:49	3824	2413	0	0	1	810229	1	1	0	0	29164	54340	0			SUCS	COLLECTOR
2025-09-23 23:01:11	7624	2201	1	1	100	0	0	0	0	0	0	0	0	admin	Fraun		/warp2 28647 54202
2025-09-23 23:01:35	9676	3902	1	1	80000	0	1	-1	0	0	0	0	0	admin	Fraun		
2025-09-23 23:01:35	9676	3906	0	0	80000	0	1	0	0	0	0	0	0			MMT_on_leave( 1 )	USER_LEAVE
2025-09-23 23:01:35	9676	2701	1	1	0	0	1	0	26776	54193	153607	77237	0	admin	Fraun		
2025-09-23 23:01:35	13112	3903	1	1	80000	0	1	-1	0	0	0	0	0	admin	Fraun		
2025-09-23 23:01:49	11132	104	0	0	0	1	0	502512	198711	1488287	0	0	0				
2025-09-23 23:02:23	9980	2102	1	1	300	300	0	241038	4080800912	0	153632	77278	4250	admin	Fraun		
2025-09-23 23:02:23	9980	2103	1	1	300	10	1	300	4080800912	0	0	0	272233203522076672	admin	Fraun		
2025-09-23 23:02:49	11132	104	0	0	0	0	0	502540	199566	1488887	0	0	0				
2025-09-23 23:03:49	11132	104	0	0	0	0	0	502540	199566	1488887	0	0	0				
2025-09-23 23:04:49	11132	104	0	0	0	0	0	502540	199566	1488887	0	0	0				
2025-09-23 23:05:49	11132	104	0	0	0	0	1	502540	199566	1488887	0	0	0				
2025-09-23 23:06:49	11132	104	0	0	0	0	0	502580	199566	1488887	0	0	0				
2025-09-23 23:07:49	11132	104	0	0	0	0	0	502580	199566	1488887	0	0	0				
2025-09-23 23:08:49	11132	104	0	0	0	0	0	502548	199566	1488887	0	0	0				
2025-09-23 23:09:49	11132	104	0	0	0	0	0	502548	199566	1488887	0	0	0				
2025-09-23 23:10:49	11132	104	0	0	0	0	0	502548	199566	1488887	0	0	0				
2025-09-23 23:11:49	11132	104	0	0	0	0	0	502580	199566	1488887	0	0	0				
2025-09-23 23:12:49	11132	104	0	0	0	0	0	502548	199566	1488887	0	0	0				
2025-09-23 23:13:49	11132	104	0	0	0	0	0	502548	199566	1488887	0	0	0				
2025-09-23 23:14:49	11132	104	0	0	0	0	0	502556	199566	1488887	0	0	0				
2025-09-23 23:15:49	11132	104	0	0	0	0	0	502556	199566	1488887	0	0	0				
2025-09-23 23:16:49	11132	104	0	0	0	0	0	502556	199566	1488887	0	0	0				
2025-09-23 23:17:49	11132	104	0	0	0	0	0	502556	199566	1488887	0	0	0				
2025-09-23 23:18:49	11132	104	0	0	0	0	0	502556	199566	1488887	0	0	0				
2025-09-23 23:19:49	11132	104	0	0	0	0	0	502556	199566	1488887	0	0	0				
2025-09-23 23:20:49	11132	104	0	0	0	0	0	502556	199566	1488887	0	0	0				
2025-09-23 23:21:49	11132	104	0	0	0	0	0	502556	199566	1488887	0	0	0				
2025-09-23 23:22:49	11132	104	0	0	0	0	0	502556	199566	1488887	0	0	0				
2025-09-23 23:23:49	11132	104	0	0	0	0	0	502556	199566	1488887	0	0	0				
2025-09-23 23:24:49	11132	104	0	0	0	0	0	502556	199566	1488887	0	0	0				
2025-09-23 23:25:49	11132	104	0	0	0	0	0	502556	199566	1488887	0	0	0				
2025-09-23 23:26:49	11132	104	0	0	0	0	1	502556	199566	1488887	0	0	0				
2025-09-23 23:27:49	11132	104	0	0	0	0	0	502556	199566	1488887	0	0	0				
2025-09-23 23:28:49	11132	104	0	0	0	0	0	502556	199566	1488887	0	0	0				
2025-09-23 23:29:49	11132	104	0	0	0	0	0	502556	199566	1488887	0	0	0				
2025-09-23 23:30:49	11132	104	0	0	0	0	0	502556	199566	1488887	0	0	0				
2025-09-23 23:31:49	11132	104	0	0	0	0	0	502556	199566	1488887	0	0	0				
2025-09-23 23:32:49	11132	104	0	0	0	0	0	502556	199566	1488887	0	0	0				
2025-09-23 23:33:49	11132	104	0	0	0	0	0	502556	199566	1488887	0	0	0				
2025-09-23 23:34:49	11132	104	0	0	0	0	0	502556	199566	1488887	0	0	0				
2025-09-23 23:35:49	11132	104	0	0	0	0	1	502556	199566	1488887	0	0	0				
2025-09-23 23:36:49	11132	104	0	0	0	0	0	502560	199566	1488887	0	0	0				
2025-09-23 23:37:49	11132	104	0	0	0	0	0	502572	199635	1488887	0	0	0				
2025-09-23 23:38:49	11132	104	0	0	0	0	0	502572	199704	1488887	0	0	0				
2025-09-23 23:39:49	11132	104	0	0	0	0	0	65856	199704	1488887	0	0	0				
2025-09-23 23:40:49	11132	104	0	0	0	0	0	65860	199704	1488887	0	0	0				
2025-09-23 23:41:49	11132	104	0	0	0	0	0	65864	199704	1488887	0	0	0				
2025-09-23 23:42:49	11132	104	0	0	0	0	0	65872	199704	1488887	0	0	0				
2025-09-23 23:43:49	11132	104	0	0	0	0	0	65872	199704	1488887	0	0	0				
2025-09-23 23:44:49	11132	104	0	0	0	0	0	65832	199704	1488887	0	0	0				
2025-09-23 23:45:49	11132	104	0	0	0	0	0	65844	199704	1488887	0	0	0				
2025-09-23 23:46:49	11132	104	0	0	0	0	0	65852	199704	1488887	0	0	0				
2025-09-23 23:47:49	11132	104	0	0	0	0	0	65860	199704	1488887	0	0	0				
2025-09-23 23:48:50	11132	104	0	0	0	0	0	65860	199704	1488887	0	0	0				
2025-09-23 23:49:50	11132	104	0	0	0	0	0	65844	199704	1488887	0	0	0				
2025-09-23 23:50:50	11132	104	0	0	0	0	0	65888	199704	1488887	0	0	0				
2025-09-23 23:51:50	11132	104	0	0	0	0	0	65928	199704	1488887	0	0	0				
2025-09-23 23:52:50	11132	104	0	0	0	0	0	65936	199704	1488887	0	0	0				
2025-09-23 23:53:50	11132	104	0	0	0	0	0	65956	199704	1488887	0	0	0				
2025-09-23 23:54:50	11132	104	0	0	0	0	0	65936	199704	1488887	0	0	0				
2025-09-23 23:55:50	11132	104	0	0	0	0	0	65936	199704	1488887	0	0	0				
2025-09-23 23:56:50	11132	104	0	0	0	0	0	65936	199704	1488887	0	0	0				
2025-09-23 23:57:50	11132	104	0	0	0	0	0	65940	199704	1488887	0	0	0				
2025-09-23 23:58:50	11132	104	0	0	0	0	0	65940	199704	1488887	0	0	0				
2025-09-23 23:59:50	11132	104	0	0	0	0	0	65932	199704	1488887	0	0	0				
