2025-09-26 04:00:25	1848	104	0	0	0	0	0	74296	5715	179788	0	0	0				
2025-09-26 04:01:25	1848	104	0	0	0	0	0	74300	5715	179788	0	0	0				
2025-09-26 04:02:25	1848	104	0	0	0	0	0	74300	5715	179788	0	0	0				
2025-09-26 04:03:25	1848	104	0	0	0	0	0	74300	5715	179788	0	0	0				
2025-09-26 04:04:25	1848	104	0	0	0	0	0	74308	5715	179788	0	0	0				
2025-09-26 04:05:25	1848	104	0	0	0	0	0	74312	5715	179788	0	0	0				
2025-09-26 04:06:25	1848	104	0	0	0	0	0	74312	5715	179788	0	0	0				
2025-09-26 04:07:25	1848	104	0	0	0	0	0	74312	5715	179788	0	0	0				
2025-09-26 04:08:25	1848	104	0	0	0	0	0	74312	5715	179788	0	0	0				
2025-09-26 04:09:25	1848	104	0	0	0	0	0	74312	5715	179788	0	0	0				
2025-09-26 04:10:25	1848	104	0	0	0	0	0	74312	5715	179788	0	0	0				
2025-09-26 04:11:25	1848	104	0	0	0	0	0	74312	5715	179788	0	0	0				
2025-09-26 04:12:25	1848	104	0	0	0	0	0	74312	5715	179788	0	0	0				
2025-09-26 04:13:25	1848	104	0	0	0	0	0	74312	5715	179788	0	0	0				
2025-09-26 04:14:25	1848	104	0	0	0	0	0	74312	5715	179788	0	0	0				
2025-09-26 04:15:25	1848	104	0	0	0	0	0	74312	5715	179788	0	0	0				
2025-09-26 04:16:25	1848	104	0	0	0	0	0	74284	5715	179788	0	0	0				
2025-09-26 04:17:25	1848	104	0	0	0	0	0	74296	5715	179788	0	0	0				
2025-09-26 04:18:25	1848	104	0	0	0	0	0	74296	5715	179788	0	0	0				
2025-09-26 04:19:25	1848	104	0	0	0	0	0	74300	5715	179788	0	0	0				
2025-09-26 04:20:25	1848	104	0	0	0	0	0	74300	5715	179788	0	0	0				
2025-09-26 04:21:25	1848	104	0	0	0	0	0	74300	5715	179788	0	0	0				
2025-09-26 04:22:25	1848	104	0	0	0	0	0	74300	5715	179788	0	0	0				
2025-09-26 04:23:25	1848	104	0	0	0	0	0	74300	5715	179788	0	0	0				
2025-09-26 04:24:25	1848	104	0	0	0	0	0	74300	5715	179788	0	0	0				
2025-09-26 04:25:25	1848	104	0	0	0	0	0	74300	5715	179788	0	0	0				
2025-09-26 04:26:25	1848	104	0	0	0	0	0	74304	5715	179788	0	0	0				
2025-09-26 04:27:25	1848	104	0	0	0	0	0	74316	5715	179788	0	0	0				
2025-09-26 04:28:25	1848	104	0	0	0	0	0	74324	5715	179788	0	0	0				
2025-09-26 04:29:25	1848	104	0	0	0	0	0	74324	5715	179788	0	0	0				
2025-09-26 04:30:25	1848	104	0	0	0	0	0	74324	5715	179788	0	0	0				
2025-09-26 04:31:25	1848	104	0	0	0	0	0	74288	5715	179788	0	0	0				
2025-09-26 04:32:25	1848	104	0	0	0	0	0	74296	5715	179788	0	0	0				
2025-09-26 04:33:25	1848	104	0	0	0	0	0	74308	5715	179788	0	0	0				
2025-09-26 04:34:25	1848	104	0	0	0	0	0	74308	5715	179788	0	0	0				
2025-09-26 04:35:25	1848	104	0	0	0	0	0	74308	5715	179788	0	0	0				
2025-09-26 04:36:25	1848	104	0	0	0	0	0	74312	5715	179788	0	0	0				
2025-09-26 04:37:25	1848	104	0	0	0	0	0	74316	5715	179788	0	0	0				
2025-09-26 04:38:25	1848	104	0	0	0	0	0	74316	5715	179788	0	0	0				
2025-09-26 04:39:25	1848	104	0	0	0	0	0	74324	5715	179788	0	0	0				
2025-09-26 04:40:25	1848	104	0	0	0	0	0	74324	5715	179788	0	0	0				
2025-09-26 04:41:25	1848	104	0	0	0	0	0	74324	5715	179788	0	0	0				
2025-09-26 04:42:25	1848	104	0	0	0	0	0	74324	5715	179788	0	0	0				
2025-09-26 04:43:25	1848	104	0	0	0	0	0	74324	5715	179788	0	0	0				
2025-09-26 04:44:25	1848	104	0	0	0	0	0	74324	5715	179788	0	0	0				
2025-09-26 04:45:25	1848	104	0	0	0	0	0	74324	5715	179788	0	0	0				
2025-09-26 04:46:25	1848	104	0	0	0	0	0	74324	5715	179788	0	0	0				
2025-09-26 04:47:25	1848	104	0	0	0	0	0	74324	5715	179788	0	0	0				
2025-09-26 04:48:25	1848	104	0	0	0	0	0	74324	5715	179788	0	0	0				
2025-09-26 04:49:25	1848	104	0	0	0	0	0	74324	5715	179788	0	0	0				
2025-09-26 04:50:25	1848	104	0	0	0	0	0	74324	5715	179788	0	0	0				
2025-09-26 04:51:25	1848	104	0	0	0	0	0	74304	5715	179788	0	0	0				
2025-09-26 04:52:25	1848	104	0	0	0	0	0	74308	5715	179788	0	0	0				
2025-09-26 04:53:25	1848	104	0	0	0	0	0	74312	5715	179788	0	0	0				
2025-09-26 04:54:25	1848	104	0	0	0	0	0	74312	5715	179788	0	0	0				
2025-09-26 04:55:25	1848	104	0	0	0	0	0	74312	5715	179788	0	0	0				
2025-09-26 04:56:25	1848	104	0	0	0	0	0	74312	5715	179788	0	0	0				
2025-09-26 04:57:25	1848	104	0	0	0	0	0	74312	5715	179788	0	0	0				
2025-09-26 04:58:25	1848	104	0	0	0	0	0	74312	5715	179788	0	0	0				
2025-09-26 04:59:25	1848	104	0	0	0	0	0	74316	5715	179788	0	0	0				
