2025-09-19 03:00:38	9024	104	0	0	0	0	0	651376	641	2381	0	0	0				
2025-09-19 03:01:38	9024	104	0	0	0	0	0	651376	641	2381	0	0	0				
2025-09-19 03:02:38	9024	104	0	0	0	0	0	651376	641	2381	0	0	0				
2025-09-19 03:03:38	9024	104	0	0	0	0	0	651376	641	2381	0	0	0				
2025-09-19 03:04:38	9024	104	0	0	0	0	0	651380	641	2381	0	0	0				
2025-09-19 03:05:38	9024	104	0	0	0	0	0	651380	641	2381	0	0	0				
2025-09-19 03:06:38	9024	104	0	0	0	0	0	651384	641	2381	0	0	0				
2025-09-19 03:07:38	9024	104	0	0	0	0	0	651388	641	2381	0	0	0				
2025-09-19 03:08:38	9024	104	0	0	0	0	0	651392	641	2381	0	0	0				
2025-09-19 03:09:38	9024	104	0	0	0	0	0	651392	641	2381	0	0	0				
2025-09-19 03:10:38	9024	104	0	0	0	0	0	651368	641	2381	0	0	0				
2025-09-19 03:11:38	9024	104	0	0	0	0	0	651380	641	2381	0	0	0				
2025-09-19 03:12:38	9024	104	0	0	0	0	0	651384	641	2381	0	0	0				
2025-09-19 03:13:38	9024	104	0	0	0	0	0	651388	641	2381	0	0	0				
2025-09-19 03:14:38	9024	104	0	0	0	0	0	651392	641	2381	0	0	0				
2025-09-19 03:15:38	9024	104	0	0	0	0	0	651392	641	2381	0	0	0				
2025-09-19 03:16:38	9024	104	0	0	0	0	0	651392	641	2381	0	0	0				
2025-09-19 03:17:38	9024	104	0	0	0	0	0	651392	641	2381	0	0	0				
2025-09-19 03:18:38	9024	104	0	0	0	0	0	651400	641	2381	0	0	0				
2025-09-19 03:19:38	9024	104	0	0	0	0	0	651404	641	2381	0	0	0				
2025-09-19 03:20:38	9024	104	0	0	0	0	0	651412	641	2381	0	0	0				
2025-09-19 03:21:38	9024	104	0	0	0	0	0	651424	641	2381	0	0	0				
2025-09-19 03:22:38	9024	104	0	0	0	0	0	651428	641	2381	0	0	0				
2025-09-19 03:23:38	9024	104	0	0	0	0	0	651428	641	2381	0	0	0				
2025-09-19 03:24:38	9024	104	0	0	0	0	0	651428	641	2381	0	0	0				
2025-09-19 03:25:38	9024	104	0	0	0	0	0	651396	641	2381	0	0	0				
2025-09-19 03:26:38	9024	104	0	0	0	0	0	651412	641	2381	0	0	0				
2025-09-19 03:27:38	9024	104	0	0	0	0	0	651416	641	2381	0	0	0				
2025-09-19 03:28:38	9024	104	0	0	0	0	1	651416	641	2381	0	0	0				
2025-09-19 03:29:38	9024	104	0	0	0	0	0	651428	641	2381	0	0	0				
2025-09-19 03:30:38	9024	104	0	0	0	0	0	651440	641	2381	0	0	0				
2025-09-19 03:31:38	9024	104	0	0	0	0	0	651444	641	2381	0	0	0				
2025-09-19 03:32:38	9024	104	0	0	0	0	0	651444	641	2381	0	0	0				
2025-09-19 03:33:38	9024	104	0	0	0	0	0	651448	641	2381	0	0	0				
2025-09-19 03:34:38	9024	104	0	0	0	0	0	651448	641	2381	0	0	0				
2025-09-19 03:35:38	9024	104	0	0	0	0	1	651448	641	2381	0	0	0				
2025-09-19 03:36:38	9024	104	0	0	0	0	0	651452	641	2381	0	0	0				
2025-09-19 03:37:38	9024	104	0	0	0	0	0	651456	641	2381	0	0	0				
2025-09-19 03:38:38	9024	104	0	0	0	0	0	651456	641	2381	0	0	0				
2025-09-19 03:39:38	9024	104	0	0	0	0	0	651472	641	2381	0	0	0				
2025-09-19 03:40:38	9024	104	0	0	0	0	0	651436	641	2381	0	0	0				
2025-09-19 03:41:38	9024	104	0	0	0	0	0	651456	641	2381	0	0	0				
2025-09-19 03:42:38	9024	104	0	0	0	0	0	651464	641	2381	0	0	0				
2025-09-19 03:43:38	9024	104	0	0	0	0	0	651464	641	2381	0	0	0				
2025-09-19 03:44:38	9024	104	0	0	0	0	0	651476	641	2381	0	0	0				
2025-09-19 03:45:38	9024	104	0	0	0	0	0	651480	641	2381	0	0	0				
2025-09-19 03:46:38	9024	104	0	0	0	0	1	651480	641	2381	0	0	0				
2025-09-19 03:47:39	9024	104	0	0	0	0	0	651488	641	2381	0	0	0				
2025-09-19 03:48:39	9024	104	0	0	0	0	0	651492	641	2381	0	0	0				
2025-09-19 03:49:39	9024	104	0	0	0	0	0	651492	641	2381	0	0	0				
2025-09-19 03:50:39	9024	104	0	0	0	0	0	651496	641	2381	0	0	0				
2025-09-19 03:51:39	9024	104	0	0	0	0	0	651500	641	2381	0	0	0				
2025-09-19 03:52:39	9024	104	0	0	0	0	0	651504	641	2381	0	0	0				
2025-09-19 03:53:39	9024	104	0	0	0	0	0	651508	641	2381	0	0	0				
2025-09-19 03:54:39	9024	104	0	0	0	0	0	651508	641	2381	0	0	0				
2025-09-19 03:55:39	9024	104	0	0	0	0	0	651484	641	2381	0	0	0				
2025-09-19 03:56:39	9024	104	0	0	0	0	0	651500	641	2381	0	0	0				
2025-09-19 03:57:39	9024	104	0	0	0	0	1	651508	641	2381	0	0	0				
2025-09-19 03:58:39	9024	104	0	0	0	0	0	651508	641	2381	0	0	0				
2025-09-19 03:59:39	9024	104	0	0	0	0	0	651512	641	2381	0	0	0				
