2025-09-26 01:00:23	1848	104	0	0	0	0	0	73348	5715	179788	0	0	0				
2025-09-26 01:01:23	1848	104	0	0	0	0	0	73372	5715	179788	0	0	0				
2025-09-26 01:02:23	1848	104	0	0	0	0	0	73380	5715	179788	0	0	0				
2025-09-26 01:03:23	1848	104	0	0	0	0	0	73392	5715	179788	0	0	0				
2025-09-26 01:04:23	1848	104	0	0	0	0	0	73396	5715	179788	0	0	0				
2025-09-26 01:05:23	1848	104	0	0	0	0	0	73400	5715	179788	0	0	0				
2025-09-26 01:06:23	1848	104	0	0	0	0	0	73416	5715	179788	0	0	0				
2025-09-26 01:07:23	1848	104	0	0	0	0	0	73404	5715	179788	0	0	0				
2025-09-26 01:08:23	1848	104	0	0	0	0	0	73428	5715	179788	0	0	0				
2025-09-26 01:09:23	1848	104	0	0	0	0	0	73432	5715	179788	0	0	0				
2025-09-26 01:10:23	1848	104	0	0	0	0	0	73452	5715	179788	0	0	0				
2025-09-26 01:11:23	1848	104	0	0	0	0	0	73496	5715	179788	0	0	0				
2025-09-26 01:12:23	1848	104	0	0	0	0	0	73500	5715	179788	0	0	0				
2025-09-26 01:13:23	1848	104	0	0	0	0	0	73504	5715	179788	0	0	0				
2025-09-26 01:14:23	1848	104	0	0	0	0	0	73512	5715	179788	0	0	0				
2025-09-26 01:15:23	1848	104	0	0	0	0	0	73524	5715	179788	0	0	0				
2025-09-26 01:16:23	1848	104	0	0	0	0	0	73548	5715	179788	0	0	0				
2025-09-26 01:17:23	1848	104	0	0	0	0	0	73548	5715	179788	0	0	0				
2025-09-26 01:18:24	1848	104	0	0	0	0	1	73552	5715	179788	0	0	0				
2025-09-26 01:19:24	1848	104	0	0	0	0	0	73556	5715	179788	0	0	0				
2025-09-26 01:20:24	1848	104	0	0	0	0	0	73564	5715	179788	0	0	0				
2025-09-26 01:21:24	1848	104	0	0	0	0	0	73572	5715	179788	0	0	0				
2025-09-26 01:22:24	1848	104	0	0	0	0	0	73572	5715	179788	0	0	0				
2025-09-26 01:23:24	1848	104	0	0	0	0	0	73580	5715	179788	0	0	0				
2025-09-26 01:24:24	1848	104	0	0	0	0	0	73580	5715	179788	0	0	0				
2025-09-26 01:25:24	1848	104	0	0	0	0	0	73580	5715	179788	0	0	0				
2025-09-26 01:26:24	1848	104	0	0	0	0	0	72252	5715	179788	0	0	0				
2025-09-26 01:27:24	1848	104	0	0	0	0	0	72260	5715	179788	0	0	0				
2025-09-26 01:28:24	1848	104	0	0	0	0	0	72264	5715	179788	0	0	0				
2025-09-26 01:29:24	1848	104	0	0	0	0	0	72244	5715	179788	0	0	0				
2025-09-26 01:30:24	1848	104	0	0	0	0	0	72260	5715	179788	0	0	0				
2025-09-26 01:31:24	1848	104	0	0	0	0	0	72280	5715	179788	0	0	0				
2025-09-26 01:32:24	1848	104	0	0	0	0	0	72288	5715	179788	0	0	0				
2025-09-26 01:33:24	1848	104	0	0	0	0	0	72292	5715	179788	0	0	0				
2025-09-26 01:34:24	1848	104	0	0	0	0	0	72296	5715	179788	0	0	0				
2025-09-26 01:35:24	1848	104	0	0	0	0	0	72304	5715	179788	0	0	0				
2025-09-26 01:36:24	1848	104	0	0	0	0	0	72312	5715	179788	0	0	0				
2025-09-26 01:37:24	1848	104	0	0	0	0	0	72316	5715	179788	0	0	0				
2025-09-26 01:38:24	1848	104	0	0	0	0	0	72328	5715	179788	0	0	0				
2025-09-26 01:39:24	1848	104	0	0	0	0	0	72808	5715	179788	0	0	0				
2025-09-26 01:40:24	1848	104	0	0	0	0	0	72812	5715	179788	0	0	0				
2025-09-26 01:41:24	1848	104	0	0	0	0	0	72852	5715	179788	0	0	0				
2025-09-26 01:42:24	1848	104	0	0	0	0	0	72868	5715	179788	0	0	0				
2025-09-26 01:43:24	1848	104	0	0	0	0	0	72872	5715	179788	0	0	0				
2025-09-26 01:44:24	1848	104	0	0	0	0	0	72876	5715	179788	0	0	0				
2025-09-26 01:45:24	1848	104	0	0	0	0	0	72876	5715	179788	0	0	0				
2025-09-26 01:46:24	1848	104	0	0	0	0	0	71956	5715	179788	0	0	0				
2025-09-26 01:47:24	1848	104	0	0	0	0	0	71968	5715	179788	0	0	0				
2025-09-26 01:48:24	1848	104	0	0	0	0	0	71972	5715	179788	0	0	0				
2025-09-26 01:49:24	1848	104	0	0	0	0	0	71968	5715	179788	0	0	0				
2025-09-26 01:50:24	1848	104	0	0	0	0	0	71968	5715	179788	0	0	0				
2025-09-26 01:51:24	1848	104	0	0	0	0	0	71972	5715	179788	0	0	0				
2025-09-26 01:52:24	1848	104	0	0	0	0	0	71972	5715	179788	0	0	0				
2025-09-26 01:53:24	1848	104	0	0	0	0	0	72104	5715	179788	0	0	0				
2025-09-26 01:54:24	1848	104	0	0	0	0	0	72480	5715	179788	0	0	0				
2025-09-26 01:55:24	1848	104	0	0	0	0	0	72916	5715	179788	0	0	0				
2025-09-26 01:56:24	1848	104	0	0	0	0	0	73760	5715	179788	0	0	0				
2025-09-26 01:57:24	1848	104	0	0	0	0	0	74208	5715	179788	0	0	0				
2025-09-26 01:58:24	1848	104	0	0	0	0	0	74208	5715	179788	0	0	0				
2025-09-26 01:59:24	1848	104	0	0	0	0	0	74208	5715	179788	0	0	0				
