2025-09-24 04:00:52	11132	104	0	0	0	0	0	72080	199704	1488887	0	0	0				
2025-09-24 04:01:52	11132	104	0	0	0	0	0	72084	199704	1488887	0	0	0				
2025-09-24 04:02:52	11132	104	0	0	0	0	0	72084	199704	1488887	0	0	0				
2025-09-24 04:03:52	11132	104	0	0	0	0	1	72084	199704	1488887	0	0	0				
2025-09-24 04:04:52	11132	104	0	0	0	0	0	72084	199704	1488887	0	0	0				
2025-09-24 04:05:52	11132	104	0	0	0	0	0	72096	199704	1488887	0	0	0				
2025-09-24 04:06:52	11132	104	0	0	0	0	0	72096	199704	1488887	0	0	0				
2025-09-24 04:07:52	11132	104	0	0	0	0	0	72096	199704	1488887	0	0	0				
2025-09-24 04:08:52	11132	104	0	0	0	0	0	72112	199704	1488887	0	0	0				
2025-09-24 04:09:52	11132	104	0	0	0	0	0	72112	199704	1488887	0	0	0				
2025-09-24 04:10:52	11132	104	0	0	0	0	0	72120	199704	1488887	0	0	0				
2025-09-24 04:11:52	11132	104	0	0	0	0	0	72120	199704	1488887	0	0	0				
2025-09-24 04:12:52	11132	104	0	0	0	0	0	72128	199704	1488887	0	0	0				
2025-09-24 04:13:52	11132	104	0	0	0	0	0	72128	199704	1488887	0	0	0				
2025-09-24 04:14:52	11132	104	0	0	0	0	0	72120	199704	1488887	0	0	0				
2025-09-24 04:15:52	11132	104	0	0	0	0	0	72128	199704	1488887	0	0	0				
2025-09-24 04:16:52	11132	104	0	0	0	0	0	72132	199704	1488887	0	0	0				
2025-09-24 04:17:52	11132	104	0	0	0	0	0	72132	199704	1488887	0	0	0				
2025-09-24 04:18:52	11132	104	0	0	0	0	0	72132	199704	1488887	0	0	0				
2025-09-24 04:19:52	11132	104	0	0	0	0	0	72136	199704	1488887	0	0	0				
2025-09-24 04:20:52	11132	104	0	0	0	0	0	72136	199704	1488887	0	0	0				
2025-09-24 04:21:52	11132	104	0	0	0	0	0	72144	199704	1488887	0	0	0				
2025-09-24 04:22:52	11132	104	0	0	0	0	0	72144	199704	1488887	0	0	0				
2025-09-24 04:23:52	11132	104	0	0	0	0	0	72144	199704	1488887	0	0	0				
2025-09-24 04:24:52	11132	104	0	0	0	0	0	72144	199704	1488887	0	0	0				
2025-09-24 04:25:52	11132	104	0	0	0	0	0	72144	199704	1488887	0	0	0				
2025-09-24 04:26:52	11132	104	0	0	0	0	0	72144	199704	1488887	0	0	0				
2025-09-24 04:27:52	11132	104	0	0	0	0	0	72144	199704	1488887	0	0	0				
2025-09-24 04:28:52	11132	104	0	0	0	0	0	72144	199704	1488887	0	0	0				
2025-09-24 04:29:52	11132	104	0	0	0	0	0	72124	199704	1488887	0	0	0				
2025-09-24 04:30:52	11132	104	0	0	0	0	0	72136	199704	1488887	0	0	0				
2025-09-24 04:31:52	11132	104	0	0	0	0	0	72136	199704	1488887	0	0	0				
2025-09-24 04:32:52	11132	104	0	0	0	0	0	72136	199704	1488887	0	0	0				
2025-09-24 04:33:52	11132	104	0	0	0	0	0	72140	199704	1488887	0	0	0				
2025-09-24 04:34:52	11132	104	0	0	0	0	0	72140	199704	1488887	0	0	0				
2025-09-24 04:35:52	11132	104	0	0	0	0	0	72140	199704	1488887	0	0	0				
2025-09-24 04:36:52	11132	104	0	0	0	0	0	72144	199704	1488887	0	0	0				
2025-09-24 04:37:52	11132	104	0	0	0	0	0	72144	199704	1488887	0	0	0				
2025-09-24 04:38:52	11132	104	0	0	0	0	0	72148	199704	1488887	0	0	0				
2025-09-24 04:39:52	11132	104	0	0	0	0	0	72148	199704	1488887	0	0	0				
2025-09-24 04:40:52	11132	104	0	0	0	0	0	72148	199704	1488887	0	0	0				
2025-09-24 04:41:52	11132	104	0	0	0	0	0	72148	199704	1488887	0	0	0				
2025-09-24 04:42:52	11132	104	0	0	0	0	0	72148	199704	1488887	0	0	0				
2025-09-24 04:43:52	11132	104	0	0	0	0	0	72148	199704	1488887	0	0	0				
2025-09-24 04:44:52	11132	104	0	0	0	0	0	72124	199704	1488887	0	0	0				
2025-09-24 04:45:52	11132	104	0	0	0	0	0	72136	199704	1488887	0	0	0				
2025-09-24 04:46:52	11132	104	0	0	0	0	0	72140	199704	1488887	0	0	0				
2025-09-24 04:47:52	11132	104	0	0	0	0	0	72140	199704	1488887	0	0	0				
2025-09-24 04:48:52	11132	104	0	0	0	0	0	72140	199704	1488887	0	0	0				
2025-09-24 04:49:52	11132	104	0	0	0	0	0	72144	199704	1488887	0	0	0				
2025-09-24 04:50:52	11132	104	0	0	0	0	1	72144	199704	1488887	0	0	0				
2025-09-24 04:51:52	11132	104	0	0	0	0	0	72148	199704	1488887	0	0	0				
2025-09-24 04:52:52	11132	104	0	0	0	0	0	72148	199704	1488887	0	0	0				
2025-09-24 04:53:52	11132	104	0	0	0	0	0	72156	199704	1488887	0	0	0				
2025-09-24 04:54:52	11132	104	0	0	0	0	0	72160	199704	1488887	0	0	0				
2025-09-24 04:55:52	11132	104	0	0	0	0	0	72160	199704	1488887	0	0	0				
2025-09-24 04:56:52	11132	104	0	0	0	0	0	72160	199704	1488887	0	0	0				
2025-09-24 04:57:52	11132	104	0	0	0	0	0	72160	199704	1488887	0	0	0				
2025-09-24 04:58:52	11132	104	0	0	0	0	0	72160	199704	1488887	0	0	0				
2025-09-24 04:59:52	11132	104	0	0	0	0	0	72136	199704	1488887	0	0	0				
