2025-09-23 21:48:48	12820	101	0	0	0	12820	0	0	0	0	0	0	0			Main	KitekatGS
2025-09-23 21:48:48	12820	102	0	0	0	0	0	0	0	0	0	0	0				START
2025-09-23 21:48:48	11132	101	0	0	0	11132	0	0	0	0	0	0	0			Scheduler 01	KitekatGS
2025-09-23 21:48:48	11132	104	0	0	0	0	0	9284	0	0	0	0	0				
2025-09-23 21:48:58	11132	3300	2016027	0	238	100000	0	259200	0	0	0	1	521	AutoRegister	SVR180000001		
2025-09-23 21:48:58	11132	3300	2016028	0	239	100000	0	259200	0	0	0	1	522	AutoRegister	SVR180000001		
2025-09-23 21:48:58	11132	3300	2016039	0	240	100000	0	259200	0	0	0	1	523	AutoRegister	SVR180000001		
2025-09-23 21:48:58	11132	3300	2016038	0	241	100000	0	259200	0	0	0	1	524	AutoRegister	SVR180000001		
2025-09-23 21:48:58	11132	3300	2016037	0	242	100000	0	259200	0	0	0	1	525	AutoRegister	SVR180000001		
2025-09-23 21:48:58	11132	3300	2016030	0	243	100000	0	259200	0	0	0	1	526	AutoRegister	SVR180000001		
2025-09-23 21:48:58	11132	3300	2016031	0	244	100000	0	259200	0	0	0	1	527	AutoRegister	SVR180000001		
2025-09-23 21:48:58	11132	3300	2016032	0	245	100000	0	259200	0	0	0	1	528	AutoRegister	SVR180000001		
2025-09-23 21:48:58	11132	3300	2016033	0	246	100000	0	259200	0	0	0	1	529	AutoRegister	SVR180000001		
2025-09-23 21:48:58	11132	3300	2016034	0	247	100000	0	259200	0	0	0	1	530	AutoRegister	SVR180000001		
2025-09-23 21:48:58	11132	3300	2016035	0	248	100000	0	259200	0	0	0	1	531	AutoRegister	SVR180000001		
2025-09-23 21:48:58	11132	3300	601100285	0	249	100000	0	259200	0	0	0	1	532	AutoRegister	SVR180000001		
2025-09-23 21:48:58	11132	3300	910005	0	250	100000	0	259200	0	0	0	1	533	AutoRegister	SVR180000001		
2025-09-23 21:48:58	11132	3300	950019	0	251	100000	0	259200	0	0	0	1	534	AutoRegister	SVR180000001		
2025-09-23 21:48:58	11132	3300	705008	0	252	100000	0	259200	0	0	0	1	535	AutoRegister	SVR180000001		
2025-09-23 21:48:58	11132	3300	2016039	0	253	100000	0	86400	0	0	0	1	536	AutoRegister	SVR180000001		
2025-09-23 21:48:58	11132	3300	2016038	0	254	100000	0	86400	0	0	0	1	537	AutoRegister	SVR180000001		
2025-09-23 21:48:58	11132	3300	2016037	0	255	100000	0	86400	0	0	0	1	538	AutoRegister	SVR180000001		
2025-09-23 21:48:58	11132	3300	2016030	0	256	100000	0	86400	0	0	0	1	539	AutoRegister	SVR180000001		
2025-09-23 21:48:58	11132	3300	2016031	0	257	100000	0	86400	0	0	0	1	540	AutoRegister	SVR180000001		
2025-09-23 21:48:58	11132	3300	2016032	0	258	100000	0	86400	0	0	0	1	541	AutoRegister	SVR180000001		
2025-09-23 21:48:58	11132	3300	2016032	0	259	100000	0	86400	0	0	0	1	542	AutoRegister	SVR180000001		
2025-09-23 21:48:58	11132	3300	910005	0	260	100000	0	86400	0	0	0	1	543	AutoRegister	SVR180000001		
2025-09-23 21:48:58	11132	3306	950019	0	221	0	0	0	0	0	0	0	431			SVR180000001	
2025-09-23 21:48:58	11132	3306	2016027	0	208	0	0	0	0	0	0	0	418			SVR180000001	
2025-09-23 21:48:58	11132	3306	2016028	0	209	0	0	0	0	0	0	0	419			SVR180000001	
2025-09-23 21:48:58	11132	3306	2016039	0	210	0	0	0	0	0	0	0	420			SVR180000001	
2025-09-23 21:48:58	11132	3306	2016038	0	211	0	0	0	0	0	0	0	421			SVR180000001	
2025-09-23 21:48:58	11132	3306	2016037	0	212	0	0	0	0	0	0	0	422			SVR180000001	
2025-09-23 21:48:58	11132	3306	2016030	0	213	0	0	0	0	0	0	0	423			SVR180000001	
2025-09-23 21:48:58	11132	3306	2016031	0	214	0	0	0	0	0	0	0	424			SVR180000001	
2025-09-23 21:48:58	11132	3306	2016032	0	215	0	0	0	0	0	0	0	425			SVR180000001	
2025-09-23 21:48:58	11132	3306	2016033	0	216	0	0	0	0	0	0	0	426			SVR180000001	
2025-09-23 21:48:58	11132	3306	2016034	0	217	0	0	0	0	0	0	0	427			SVR180000001	
2025-09-23 21:48:58	11132	3306	2016035	0	218	0	0	0	0	0	0	0	428			SVR180000001	
2025-09-23 21:48:58	11132	3306	601100285	0	219	0	0	0	0	0	0	0	429			SVR180000001	
2025-09-23 21:48:58	11132	3306	910005	0	220	0	0	0	0	0	0	0	430			SVR180000001	
2025-09-23 21:48:58	11132	3306	705008	0	222	0	0	0	0	0	0	0	432			SVR180000001	
2025-09-23 21:48:58	11132	3306	2016027	0	223	0	0	0	0	0	0	0	433			SVR180000001	
2025-09-23 21:48:58	11132	3306	2016028	0	224	0	0	0	0	0	0	0	434			SVR180000001	
2025-09-23 21:48:58	11132	3306	2016039	0	225	0	0	0	0	0	0	0	435			SVR180000001	
2025-09-23 21:48:58	11132	3306	2016038	0	226	0	0	0	0	0	0	0	436			SVR180000001	
2025-09-23 21:48:58	11132	3306	2016037	0	227	0	0	0	0	0	0	0	437			SVR180000001	
2025-09-23 21:48:58	11132	3306	2016030	0	228	0	0	0	0	0	0	0	438			SVR180000001	
2025-09-23 21:48:58	11132	3306	2016031	0	229	0	0	0	0	0	0	0	439			SVR180000001	
2025-09-23 21:48:58	11132	3306	2016032	0	230	0	0	0	0	0	0	0	440			SVR180000001	
2025-09-23 21:48:58	11132	3306	2016033	0	231	0	0	0	0	0	0	0	441			SVR180000001	
2025-09-23 21:48:58	11132	3306	2016034	0	232	0	0	0	0	0	0	0	442			SVR180000001	
2025-09-23 21:48:58	11132	3306	2016035	0	233	0	0	0	0	0	0	0	443			SVR180000001	
2025-09-23 21:48:58	11132	3306	705007	0	234	0	0	0	0	0	0	0	444			SVR180000001	
2025-09-23 21:48:58	11132	3306	705004	0	235	0	0	0	0	0	0	0	445			SVR180000001	
2025-09-23 21:48:58	11132	3306	705002	0	236	0	0	0	0	0	0	0	446			SVR180000001	
2025-09-23 21:48:58	11132	3306	705011	0	237	0	0	0	0	0	0	0	447			SVR180000001	
2025-09-23 21:48:58	11132	3600	0	0	4	1758689338	4105152000	4105152000	0	0	0	0	0				
2025-09-23 21:49:49	11132	104	0	0	0	0	0	1393536	9	307	0	0	0				
2025-09-23 21:50:49	11132	104	0	0	0	0	0	1395296	9	307	0	0	0				
2025-09-23 21:51:26	9980	101	0	0	0	9980	0	0	0	0	0	0	0			IOCP 03	KitekatGS
2025-09-23 21:51:26	9980	110	1	0	0	0	0	0	0	0	0	0	0	fraun	2C-F0-5D-E0-C8-8C|Windows  (6.2.9200)|NVIDIA GeForce RTX 4060Drv Version : 32767.65535.65535.65535	192.168.122.1	
2025-09-23 21:51:33	11940	101	0	0	0	11940	0	0	0	0	0	0	0				KitekatGS
2025-09-23 21:51:33	11940	2101	1	1	0	0	0	202900	4078808412	0	153073	75766	0	admin	Fraun		
2025-09-23 21:51:33	11940	2103	1	1	300	10	1	300	4078808412	0	0	0	272233208401492000	admin	Fraun		
2025-09-23 21:51:48	9980	2201	1	1	100	0	0	0	0	0	0	0	0	admin	Fraun		/warp2 153206 76352
2025-09-23 21:51:49	11132	104	0	0	0	1	0	1409236	1371	39467	0	0	0				
2025-09-23 21:51:49	9980	2201	1	1	100	0	0	0	0	0	0	0	0	admin	Fraun		/warp2 153259 76942
2025-09-23 21:51:49	15776	101	0	0	0	15776	0	0	0	0	0	0	0			IOCP 02	KitekatGS
2025-09-23 21:51:49	15776	2201	1	1	100	0	0	0	0	0	0	0	0	admin	Fraun		/warp2 153210 77050
2025-09-23 21:51:50	15776	2201	1	1	100	0	0	0	0	0	0	0	0	admin	Fraun		/warp2 153167 77211
2025-09-23 21:52:49	11132	104	0	0	0	1	0	1409352	2627	42581	0	0	0				
2025-09-23 21:53:49	11132	104	0	0	0	1	0	1409352	2960	42887	0	0	0				
2025-09-23 21:54:49	11132	104	0	0	0	1	0	1409416	3320	43193	0	0	0				
2025-09-23 21:55:49	11132	104	0	0	0	1	0	1409368	3702	43499	0	0	0				
2025-09-23 21:56:16	7624	101	0	0	0	7624	0	0	0	0	0	0	0			IOCP 01	KitekatGS
2025-09-23 21:56:16	7624	2201	1	1	100	0	0	0	0	0	0	0	0	admin	Fraun		/run add_state(163448,1500,72000000)
2025-09-23 21:56:16	7624	2201	1	1	100	0	0	0	0	0	0	0	0	admin	Fraun		/run add_state(163448,1500,72000000)
2025-09-23 21:56:30	15776	2201	1	1	100	0	0	0	0	0	0	0	0	admin	Fraun		/run add_state(163448,8000,2000000000)
2025-09-23 21:56:30	15776	2201	1	1	100	0	0	0	0	0	0	0	0	admin	Fraun		/run add_state(163448,8000,2000000000)
2025-09-23 21:56:46	9980	2702	1	1	0	11932	0	4078808412	0	0	153253	77381	0	admin	Fraun		NPC_TeleportDungeon(90606145)
2025-09-23 21:56:49	11132	104	0	0	0	1	0	1444916	4396	45723	0	0	0				
2025-09-23 21:56:49	9980	2703	1	1	0	11932	0	4078808412	0	4078800912	153253	77381	0	admin	Fraun		RunTeleport(7500,98529,127391)
2025-09-23 21:56:49	9676	101	0	0	0	9676	0	0	0	0	0	0	0			Scheduler 03	KitekatGS
2025-09-23 21:56:49	9676	2701	1	1	0	0	0	0	153253	77381	98537	127393	0	admin	Fraun		
2025-09-23 21:57:07	7624	2201	1	1	100	0	0	0	0	0	0	0	0	admin	Fraun		/run add_state(1007,1000,7620000)
2025-09-23 21:57:07	7624	2201	1	1	100	0	0	0	0	0	0	0	0	admin	Fraun		/run add_state(1007,1000,7620000)
2025-09-23 21:57:11	15776	2702	1	1	0	11424	0	4078800912	0	0	98537	127393	0	admin	Fraun		NPC_lost_island_rooze_contact()
2025-09-23 21:57:12	15776	2703	1	1	0	11424	0	4078800912	0	4078800912	98537	127393	0	admin	Fraun		NPC_lost_island_rooze_warp()
2025-09-23 21:57:13	15776	2703	1	1	0	11424	0	4078800912	0	4078800912	98537	127393	0	admin	Fraun		warp_to_instance_dungeon(80000,0)
2025-09-23 21:57:13	9676	3900	1	1	80000	0	1	-1	0	0	0	0	0	admin	Fraun		
2025-09-23 21:57:13	9676	3906	0	0	80000	0	1	0	0	0	0	0	0			MMT_init( 1, 1 )	INSTANCE_CREATE
2025-09-23 21:57:13	9676	3901	1	1	80000	0	1	-1	0	0	1	0	0	admin	Fraun		
2025-09-23 21:57:13	9676	3906	0	0	80000	0	1	0	0	0	0	0	0			MMT_on_join( 1 )	USER_JOIN
2025-09-23 21:57:13	9676	2701	1	1	0	0	0	1	98537	127393	19128	51384	0	admin	Fraun		
2025-09-23 21:57:20	7624	2201	1	1	100	0	0	0	0	0	0	0	0	admin	Fraun		/warp2 19126 51588
2025-09-23 21:57:34	15776	2406	1	1	1	2012825	1	4	0	0	0	0	143	admin	Fraun		
2025-09-23 21:57:49	11132	104	0	0	0	1	0	1457184	7191	65285	0	0	0				
2025-09-23 21:57:51	11132	2306	1	1	0	22000186	272688446701568	0	0	0	19120	51990	271960515075375104	admin	Fraun		MNST
2025-09-23 21:57:55	7624	2406	1	1	1	2010454	1	29	0	0	0	0	89	admin	Fraun		
2025-09-23 21:57:55	7624	2309	1	1	7	0	0	0	19120	51990	1	272688446701568	272233203522076672	admin	Fraun		
2025-09-23 21:57:56	7624	2401	1	1	1	2016154	1	69	0	0	19127	51985	167	admin	Fraun		PICK
2025-09-23 21:58:27	15776	2201	1	1	100	0	0	0	0	0	0	0	0	admin	Fraun		/run add_state(1001,500,72906390)
2025-09-23 21:58:27	15776	2201	1	1	100	0	0	0	0	0	0	0	0	admin	Fraun		/run add_state(1001,500,72906390)
2025-09-23 21:58:49	11132	104	0	0	0	1	0	1468568	8795	92106	0	0	0				
2025-09-23 21:59:49	11132	104	0	0	0	1	0	1468644	9283	97689	0	0	0				
