2025-09-19 01:00:37	9024	104	0	0	0	0	0	650500	641	2381	0	0	0				
2025-09-19 01:01:37	9024	104	0	0	0	0	0	650520	641	2381	0	0	0				
2025-09-19 01:02:37	9024	104	0	0	0	0	0	650520	641	2381	0	0	0				
2025-09-19 01:03:37	9024	104	0	0	0	0	0	650524	641	2381	0	0	0				
2025-09-19 01:04:37	9024	104	0	0	0	0	0	650524	641	2381	0	0	0				
2025-09-19 01:05:37	9024	104	0	0	0	0	0	650524	641	2381	0	0	0				
2025-09-19 01:06:37	9024	104	0	0	0	0	1	650524	641	2381	0	0	0				
2025-09-19 01:07:37	9024	104	0	0	0	0	0	650524	641	2381	0	0	0				
2025-09-19 01:08:37	9024	104	0	0	0	0	0	650524	641	2381	0	0	0				
2025-09-19 01:09:37	9024	104	0	0	0	0	1	650524	641	2381	0	0	0				
2025-09-19 01:10:37	9024	104	0	0	0	0	0	650496	641	2381	0	0	0				
2025-09-19 01:11:37	9024	104	0	0	0	0	0	650504	641	2381	0	0	0				
2025-09-19 01:12:37	9024	104	0	0	0	0	0	650512	641	2381	0	0	0				
2025-09-19 01:13:37	9024	104	0	0	0	0	0	650512	641	2381	0	0	0				
2025-09-19 01:14:37	9024	104	0	0	0	0	0	650512	641	2381	0	0	0				
2025-09-19 01:15:37	9024	104	0	0	0	0	0	650512	641	2381	0	0	0				
2025-09-19 01:16:37	9024	104	0	0	0	0	0	650512	641	2381	0	0	0				
2025-09-19 01:17:37	9024	104	0	0	0	0	0	650512	641	2381	0	0	0				
2025-09-19 01:18:37	9024	104	0	0	0	0	0	650512	641	2381	0	0	0				
2025-09-19 01:19:37	9024	104	0	0	0	0	0	650512	641	2381	0	0	0				
2025-09-19 01:20:37	9024	104	0	0	0	0	0	650516	641	2381	0	0	0				
2025-09-19 01:21:37	9024	104	0	0	0	0	1	650524	641	2381	0	0	0				
2025-09-19 01:22:37	9024	104	0	0	0	0	0	650596	641	2381	0	0	0				
2025-09-19 01:23:37	9024	104	0	0	0	0	0	650596	641	2381	0	0	0				
2025-09-19 01:24:37	9024	104	0	0	0	0	0	650596	641	2381	0	0	0				
2025-09-19 01:25:37	9024	104	0	0	0	0	0	650564	641	2381	0	0	0				
2025-09-19 01:26:37	9024	104	0	0	0	0	0	650576	641	2381	0	0	0				
2025-09-19 01:27:37	9024	104	0	0	0	0	0	650588	641	2381	0	0	0				
2025-09-19 01:28:37	9024	104	0	0	0	0	0	650588	641	2381	0	0	0				
2025-09-19 01:29:37	9024	104	0	0	0	0	0	650588	641	2381	0	0	0				
2025-09-19 01:30:37	9024	104	0	0	0	0	0	650588	641	2381	0	0	0				
2025-09-19 01:31:37	9024	104	0	0	0	0	0	650592	641	2381	0	0	0				
2025-09-19 01:32:37	9024	104	0	0	0	0	0	650592	641	2381	0	0	0				
2025-09-19 01:33:37	9024	104	0	0	0	0	0	650596	641	2381	0	0	0				
2025-09-19 01:34:37	9024	104	0	0	0	0	0	650596	641	2381	0	0	0				
2025-09-19 01:35:37	9024	104	0	0	0	0	0	650596	641	2381	0	0	0				
2025-09-19 01:36:37	9024	104	0	0	0	0	0	650596	641	2381	0	0	0				
2025-09-19 01:37:37	9024	104	0	0	0	0	0	650596	641	2381	0	0	0				
2025-09-19 01:38:37	9024	104	0	0	0	0	0	650596	641	2381	0	0	0				
2025-09-19 01:39:37	9024	104	0	0	0	0	0	650596	641	2381	0	0	0				
2025-09-19 01:40:37	9024	104	0	0	0	0	0	650560	641	2381	0	0	0				
2025-09-19 01:41:37	9024	104	0	0	0	0	0	650576	641	2381	0	0	0				
2025-09-19 01:42:37	9024	104	0	0	0	0	0	650580	641	2381	0	0	0				
2025-09-19 01:43:37	9024	104	0	0	0	0	1	650580	641	2381	0	0	0				
2025-09-19 01:44:37	9024	104	0	0	0	0	0	650588	641	2381	0	0	0				
2025-09-19 01:45:37	9024	104	0	0	0	0	0	650596	641	2381	0	0	0				
2025-09-19 01:46:37	9024	104	0	0	0	0	0	650596	641	2381	0	0	0				
2025-09-19 01:47:37	9024	104	0	0	0	0	0	650600	641	2381	0	0	0				
2025-09-19 01:48:37	9024	104	0	0	0	0	1	650604	641	2381	0	0	0				
2025-09-19 01:49:37	9024	104	0	0	0	0	0	650612	641	2381	0	0	0				
2025-09-19 01:50:37	9024	104	0	0	0	0	0	650612	641	2381	0	0	0				
2025-09-19 01:51:37	9024	104	0	0	0	0	0	650612	641	2381	0	0	0				
2025-09-19 01:52:37	9024	104	0	0	0	0	0	650612	641	2381	0	0	0				
2025-09-19 01:53:37	9024	104	0	0	0	0	1	650612	641	2381	0	0	0				
2025-09-19 01:54:37	9024	104	0	0	0	0	0	650612	641	2381	0	0	0				
2025-09-19 01:55:37	9024	104	0	0	0	0	0	650576	641	2381	0	0	0				
2025-09-19 01:56:38	9024	104	0	0	0	0	0	650600	641	2381	0	0	0				
2025-09-19 01:57:38	9024	104	0	0	0	0	0	650632	641	2381	0	0	0				
2025-09-19 01:58:38	9024	104	0	0	0	0	0	650700	641	2381	0	0	0				
2025-09-19 01:59:38	9024	104	0	0	0	0	0	650748	641	2381	0	0	0				
