2025-09-19 21:00:03	10988	104	0	0	0	0	0	82200	6712	70125	0	0	0				
2025-09-19 21:01:03	10988	104	0	0	0	0	0	81484	6712	70125	0	0	0				
2025-09-19 21:02:03	10988	104	0	0	0	0	0	81524	6712	70125	0	0	0				
2025-09-19 21:03:03	10988	104	0	0	0	0	0	81528	6712	70125	0	0	0				
2025-09-19 21:04:03	10988	104	0	0	0	0	0	81536	6712	70125	0	0	0				
2025-09-19 21:05:03	10988	104	0	0	0	0	0	81536	6712	70125	0	0	0				
2025-09-19 21:06:03	10988	104	0	0	0	0	0	81540	6712	70125	0	0	0				
2025-09-19 21:07:03	10988	104	0	0	0	0	0	81540	6712	70125	0	0	0				
2025-09-19 21:08:03	10988	104	0	0	0	0	0	81544	6712	70125	0	0	0				
2025-09-19 21:09:03	10988	104	0	0	0	0	0	81468	6712	70125	0	0	0				
2025-09-19 21:10:03	10988	104	0	0	0	0	0	81468	6712	70125	0	0	0				
2025-09-19 21:11:03	10988	104	0	0	0	0	0	81472	6712	70125	0	0	0				
2025-09-19 21:12:03	10988	104	0	0	0	0	0	81472	6712	70125	0	0	0				
2025-09-19 21:13:03	10988	104	0	0	0	0	0	81476	6712	70125	0	0	0				
2025-09-19 21:14:03	10988	104	0	0	0	0	0	71248	6712	70125	0	0	0				
2025-09-19 21:15:03	10988	104	0	0	0	0	0	71252	6712	70125	0	0	0				
2025-09-19 21:16:03	10988	104	0	0	0	0	0	71276	6712	70125	0	0	0				
2025-09-19 21:17:03	10988	104	0	0	0	0	0	71276	6712	70125	0	0	0				
2025-09-19 21:18:03	10988	104	0	0	0	0	0	71280	6712	70125	0	0	0				
2025-09-19 21:19:03	10988	104	0	0	0	0	0	52336	6712	70125	0	0	0				
2025-09-19 21:20:03	10988	104	0	0	0	0	0	52340	6712	70125	0	0	0				
2025-09-19 21:21:03	10988	104	0	0	0	0	0	52340	6712	70125	0	0	0				
2025-09-19 21:22:03	10988	104	0	0	0	0	0	52340	6712	70125	0	0	0				
2025-09-19 21:23:03	10988	104	0	0	0	0	0	52368	6712	70125	0	0	0				
2025-09-19 21:24:03	10988	104	0	0	0	0	0	51096	6712	70125	0	0	0				
2025-09-19 21:25:03	10988	104	0	0	0	0	0	51096	6712	70125	0	0	0				
2025-09-19 21:26:03	10988	104	0	0	0	0	1	51124	6712	70125	0	0	0				
2025-09-19 21:27:03	10988	104	0	0	0	0	0	51132	6712	70125	0	0	0				
2025-09-19 21:28:03	10988	104	0	0	0	0	0	51132	6712	70125	0	0	0				
2025-09-19 21:29:03	10988	104	0	0	0	0	0	51080	6712	70125	0	0	0				
2025-09-19 21:30:03	10988	104	0	0	0	0	0	51084	6712	70125	0	0	0				
2025-09-19 21:31:03	10988	104	0	0	0	0	0	51084	6712	70125	0	0	0				
2025-09-19 21:32:03	10988	104	0	0	0	0	1	51092	6712	70125	0	0	0				
2025-09-19 21:33:03	10988	104	0	0	0	0	0	51092	6712	70125	0	0	0				
2025-09-19 21:34:03	10988	104	0	0	0	0	0	51092	6712	70125	0	0	0				
2025-09-19 21:35:03	10988	104	0	0	0	0	0	50872	6712	70125	0	0	0				
2025-09-19 21:36:03	10988	104	0	0	0	0	0	50876	6712	70125	0	0	0				
2025-09-19 21:37:03	10988	104	0	0	0	0	0	50880	6712	70125	0	0	0				
2025-09-19 21:38:03	10988	104	0	0	0	0	0	50880	6712	70125	0	0	0				
2025-09-19 21:39:03	10988	104	0	0	0	0	0	50896	6712	70125	0	0	0				
2025-09-19 21:40:03	10988	104	0	0	0	0	0	50892	6712	70125	0	0	0				
2025-09-19 21:41:03	10988	104	0	0	0	0	0	50892	6712	70125	0	0	0				
2025-09-19 21:42:03	10988	104	0	0	0	0	1	50912	6712	70125	0	0	0				
2025-09-19 21:43:03	10988	104	0	0	0	0	0	50892	6712	70125	0	0	0				
2025-09-19 21:44:03	10988	104	0	0	0	0	2	50908	6712	70125	0	0	0				
2025-09-19 21:45:03	10988	104	0	0	0	0	0	50908	6712	70125	0	0	0				
2025-09-19 21:46:03	10988	104	0	0	0	0	0	50920	6712	70125	0	0	0				
2025-09-19 21:47:03	10988	104	0	0	0	0	0	50928	6712	70125	0	0	0				
2025-09-19 21:48:03	10988	104	0	0	0	0	0	50928	6712	70125	0	0	0				
2025-09-19 21:49:03	10988	104	0	0	0	0	0	50928	6712	70125	0	0	0				
2025-09-19 21:50:03	10988	104	0	0	0	0	0	50932	6712	70125	0	0	0				
2025-09-19 21:51:03	10988	104	0	0	0	0	0	50944	6712	70125	0	0	0				
2025-09-19 21:52:03	10988	104	0	0	0	0	0	50944	6712	70125	0	0	0				
2025-09-19 21:53:03	10988	104	0	0	0	0	0	50948	6712	70125	0	0	0				
2025-09-19 21:54:03	10988	104	0	0	0	0	0	50960	6712	70125	0	0	0				
2025-09-19 21:55:03	10988	104	0	0	0	0	0	50960	6712	70125	0	0	0				
2025-09-19 21:56:03	10988	104	0	0	0	0	0	50960	6712	70125	0	0	0				
2025-09-19 21:57:03	10988	104	0	0	0	0	0	50964	6712	70125	0	0	0				
2025-09-19 21:58:03	10988	104	0	0	0	0	0	50868	6712	70125	0	0	0				
2025-09-19 21:59:03	10988	104	0	0	0	0	0	50872	6712	70125	0	0	0				
