2025-09-25 20:09:20	1304	101	0	0	0	1304	0	0	0	0	0	0	0			Main	KitekatGS
2025-09-25 20:09:20	1304	102	0	0	0	0	0	0	0	0	0	0	0				START
2025-09-25 20:09:21	1848	101	0	0	0	1848	0	0	0	0	0	0	0			Scheduler 01	KitekatGS
2025-09-25 20:09:21	1848	104	0	0	0	0	0	9796	0	0	0	0	0				
2025-09-25 20:09:32	1848	3600	0	0	4	1758856172	4105152000	4105152000	0	0	0	0	0				
2025-09-25 20:09:32	1848	3300	2016027	0	261	100000	0	259200	0	0	0	1	552	AutoRegister	SVR180000001		
2025-09-25 20:09:32	1848	3300	2016028	0	262	100000	0	259200	0	0	0	1	553	AutoRegister	SVR180000001		
2025-09-25 20:09:32	1848	3300	2016039	0	263	100000	0	259200	0	0	0	1	554	AutoRegister	SVR180000001		
2025-09-25 20:09:32	1848	3300	2016038	0	264	100000	0	259200	0	0	0	1	555	AutoRegister	SVR180000001		
2025-09-25 20:09:32	1848	3300	2016037	0	265	100000	0	259200	0	0	0	1	556	AutoRegister	SVR180000001		
2025-09-25 20:09:32	1848	3300	2016030	0	266	100000	0	259200	0	0	0	1	557	AutoRegister	SVR180000001		
2025-09-25 20:09:32	1848	3300	2016031	0	267	100000	0	259200	0	0	0	1	558	AutoRegister	SVR180000001		
2025-09-25 20:09:32	1848	3300	2016032	0	268	100000	0	259200	0	0	0	1	559	AutoRegister	SVR180000001		
2025-09-25 20:09:32	1848	3300	2016033	0	269	100000	0	259200	0	0	0	1	560	AutoRegister	SVR180000001		
2025-09-25 20:09:32	1848	3300	2016034	0	270	100000	0	259200	0	0	0	1	561	AutoRegister	SVR180000001		
2025-09-25 20:09:32	1848	3300	2016035	0	271	100000	0	259200	0	0	0	1	562	AutoRegister	SVR180000001		
2025-09-25 20:09:32	1848	3300	705007	0	272	100000	0	259200	0	0	0	1	563	AutoRegister	SVR180000001		
2025-09-25 20:09:32	1848	3300	705004	0	273	100000	0	259200	0	0	0	1	564	AutoRegister	SVR180000001		
2025-09-25 20:09:32	1848	3300	705002	0	274	100000	0	259200	0	0	0	1	565	AutoRegister	SVR180000001		
2025-09-25 20:09:32	1848	3300	705011	0	275	100000	0	259200	0	0	0	1	566	AutoRegister	SVR180000001		
2025-09-25 20:09:32	1848	3306	910005	0	260	0	0	0	0	0	0	0	543			SVR180000001	
2025-09-25 20:09:32	1848	3306	2016030	0	256	0	0	0	0	0	0	0	539			SVR180000001	
2025-09-25 20:09:32	1848	3306	2016031	0	257	0	0	0	0	0	0	0	540			SVR180000001	
2025-09-25 20:09:32	1848	3306	2016032	0	259	0	0	0	0	0	0	0	542			SVR180000001	
2025-09-25 20:09:32	1848	3306	2016032	0	258	0	0	0	0	0	0	0	541			SVR180000001	
2025-09-25 20:09:32	1848	3306	2016037	0	255	0	0	0	0	0	0	0	538			SVR180000001	
2025-09-25 20:09:32	1848	3306	2016038	0	254	0	0	0	0	0	0	0	537			SVR180000001	
2025-09-25 20:09:32	1848	3306	2016039	0	253	0	0	0	0	0	0	0	536			SVR180000001	
2025-09-25 20:10:21	1848	104	0	0	0	0	0	1392864	9	307	0	0	0				
2025-09-25 20:10:24	15200	101	0	0	0	15200	0	0	0	0	0	0	0			IOCP 02	KitekatGS
2025-09-25 20:10:24	15200	110	1	0	0	0	0	0	0	0	0	0	0	fraun	2C-F0-5D-E0-C8-8C|Windows  (6.2.9200)|NVIDIA GeForce RTX 4060Drv Version : 32767.65535.65535.65535	192.168.122.1	
2025-09-25 20:10:26	11672	101	0	0	0	11672	0	0	0	0	0	0	0				KitekatGS
2025-09-25 20:10:26	11672	2101	1	1	0	0	0	274038	4080793412	0	98580	127405	0	fraun	Fraun		
2025-09-25 20:10:26	11672	2103	1	1	300	10	1	300	4080793412	0	0	0	272233203522076672	fraun	Fraun		
2025-09-25 20:11:21	1848	104	0	0	0	1	0	1407552	2180	42113	0	0	0				
2025-09-25 20:11:33	6720	101	0	0	0	6720	0	0	0	0	0	0	0			Scheduler 02	KitekatGS
2025-09-25 20:11:33	6720	2701	1	1	0	0	0	0	98565	127417	153607	77237	0	fraun	Fraun		
2025-09-25 20:11:50	16284	101	0	0	0	16284	0	0	0	0	0	0	0			IOCP 03	KitekatGS
2025-09-25 20:11:50	16284	2201	1	1	100	0	0	0	0	0	0	0	0	fraun	Fraun		/run learn_all_skill()
2025-09-25 20:11:50	16284	2201	1	1	100	0	0	0	0	0	0	0	0	fraun	Fraun		/run learn_all_skill()
2025-09-25 20:11:51	2332	101	0	0	0	2332	0	0	0	0	0	0	0			IOCP 01	KitekatGS
2025-09-25 20:11:51	2332	2702	1	1	0	4004	0	4080793412	0	0	153348	76434	0	fraun	Fraun		NPC_JobChange_contact()
2025-09-25 20:11:52	2332	2703	1	1	0	4004	0	4080793412	0	4080793412	153348	76434	0	fraun	Fraun		NPC_JobChange_change_job()
2025-09-25 20:11:55	2332	2703	1	1	0	4004	0	4080793412	0	4080793412	153348	76434	0	fraun	Fraun		Run_JobChange_check_common( '@10301' , 301 )
2025-09-25 20:11:57	2332	2304	1	1	0	300	301	10	10	0	0	0	0	fraun	Fraun		
2025-09-25 20:11:57	2332	2703	1	1	0	4004	0	4080793412	0	4080793412	153348	76434	0	fraun	Fraun		Run_JobChange_common( '@10301' , 301 )
2025-09-25 20:11:58	15200	2302	1	1	0	1221	1	-1	240	16	0	0	0	fraun	Fraun		
2025-09-25 20:11:58	15200	2302	1	1	0	1221	2	-1	4010	0	0	0	0	fraun	Fraun		
2025-09-25 20:11:58	15200	2302	1	1	0	1221	3	-1	16600	0	0	0	0	fraun	Fraun		
2025-09-25 20:11:58	15200	2302	1	1	0	2624	1	-1	200	17	0	0	0	fraun	Fraun		
2025-09-25 20:11:58	15200	2302	1	1	0	2624	2	-1	1380	0	0	0	0	fraun	Fraun		
2025-09-25 20:11:58	15200	2302	1	1	0	2624	3	-1	5000	0	0	0	0	fraun	Fraun		
2025-09-25 20:11:58	15200	2302	1	1	0	2624	4	-1	12100	0	0	0	0	fraun	Fraun		
2025-09-25 20:11:58	15200	2302	1	1	0	2624	5	-1	24000	0	0	0	0	fraun	Fraun		
2025-09-25 20:11:58	15200	2302	1	1	0	61004	2	-1	1040	18	0	0	0	fraun	Fraun		
2025-09-25 20:11:58	15200	2302	1	1	0	61004	4	-1	5250	0	0	0	0	fraun	Fraun		
2025-09-25 20:11:58	15200	2302	1	1	0	61004	6	-1	16400	0	0	0	0	fraun	Fraun		
2025-09-25 20:11:58	15200	2302	1	1	0	61004	8	-1	33600	0	0	0	0	fraun	Fraun		
2025-09-25 20:11:58	15200	2302	1	1	0	61004	10	-1	64500	0	0	0	0	fraun	Fraun		
2025-09-25 20:11:58	15200	2302	1	1	0	1201	2	-1	1040	19	0	0	0	fraun	Fraun		
2025-09-25 20:11:58	15200	2302	1	1	0	1201	4	-1	5250	0	0	0	0	fraun	Fraun		
2025-09-25 20:11:58	15200	2302	1	1	0	1201	6	-1	16400	0	0	0	0	fraun	Fraun		
2025-09-25 20:11:58	15200	2302	1	1	0	1201	8	-1	33600	0	0	0	0	fraun	Fraun		
2025-09-25 20:11:58	15200	2302	1	1	0	1201	10	-1	64500	0	0	0	0	fraun	Fraun		
2025-09-25 20:11:58	15200	2302	1	1	0	1111	2	-1	1040	20	0	0	0	fraun	Fraun		
2025-09-25 20:11:58	15200	2302	1	1	0	1111	4	-1	5250	0	0	0	0	fraun	Fraun		
2025-09-25 20:11:58	15200	2302	1	1	0	1111	6	-1	16400	0	0	0	0	fraun	Fraun		
2025-09-25 20:11:58	15200	2302	1	1	0	1111	8	-1	33600	0	0	0	0	fraun	Fraun		
2025-09-25 20:11:58	15200	2302	1	1	0	1111	10	-1	64500	0	0	0	0	fraun	Fraun		
2025-09-25 20:11:58	15200	2302	1	1	0	2031	1	-1	200	21	0	0	0	fraun	Fraun		
2025-09-25 20:11:58	15200	2302	1	1	0	2031	2	-1	1380	0	0	0	0	fraun	Fraun		
2025-09-25 20:11:58	15200	2302	1	1	0	2031	3	-1	5000	0	0	0	0	fraun	Fraun		
2025-09-25 20:11:58	15200	2302	1	1	0	2031	4	-1	12100	0	0	0	0	fraun	Fraun		
2025-09-25 20:11:58	15200	2302	1	1	0	2031	5	-1	24000	0	0	0	0	fraun	Fraun		
2025-09-25 20:11:58	15200	2302	1	1	0	62301	1	-1	200	22	0	0	0	fraun	Fraun		
2025-09-25 20:11:58	15200	2302	1	1	0	62301	2	-1	1380	0	0	0	0	fraun	Fraun		
2025-09-25 20:11:58	15200	2302	1	1	0	62301	3	-1	5000	0	0	0	0	fraun	Fraun		
2025-09-25 20:11:58	15200	2302	1	1	0	62301	4	-1	12100	0	0	0	0	fraun	Fraun		
2025-09-25 20:11:58	15200	2302	1	1	0	62301	5	-1	24000	0	0	0	0	fraun	Fraun		
2025-09-25 20:11:58	15200	2302	1	1	0	2621	2	-1	1580	23	0	0	0	fraun	Fraun		
2025-09-25 20:11:58	15200	2302	1	1	0	2621	3	-1	5000	0	0	0	0	fraun	Fraun		
2025-09-25 20:11:58	15200	2302	1	1	0	2621	4	-1	12100	0	0	0	0	fraun	Fraun		
2025-09-25 20:11:58	15200	2302	1	1	0	2621	5	-1	24000	0	0	0	0	fraun	Fraun		
2025-09-25 20:11:58	15200	2302	1	1	0	2032	4	-1	5250	24	0	0	0	fraun	Fraun		
2025-09-25 20:11:58	15200	2302	1	1	0	2032	6	-1	13720	0	0	0	0	fraun	Fraun		
2025-09-25 20:11:58	15200	2302	1	1	0	2032	8	-1	27900	0	0	0	0	fraun	Fraun		
2025-09-25 20:11:58	15200	2302	1	1	0	2032	10	-1	53800	0	0	0	0	fraun	Fraun		
2025-09-25 20:11:58	15200	2302	1	1	0	62302	4	-1	5250	25	0	0	0	fraun	Fraun		
2025-09-25 20:11:58	15200	2302	1	1	0	62302	6	-1	13720	0	0	0	0	fraun	Fraun		
2025-09-25 20:11:58	15200	2302	1	1	0	62302	8	-1	27900	0	0	0	0	fraun	Fraun		
2025-09-25 20:11:58	15200	2302	1	1	0	62302	10	-1	53800	0	0	0	0	fraun	Fraun		
2025-09-25 20:11:58	15200	2302	1	1	0	2622	2	-1	1580	26	0	0	0	fraun	Fraun		
2025-09-25 20:11:58	15200	2302	1	1	0	2622	3	-1	5000	0	0	0	0	fraun	Fraun		
2025-09-25 20:11:58	15200	2302	1	1	0	2622	4	-1	12100	0	0	0	0	fraun	Fraun		
2025-09-25 20:11:58	15200	2302	1	1	0	2622	5	-1	24000	0	0	0	0	fraun	Fraun		
2025-09-25 20:11:58	15200	2302	1	1	0	2033	4	-1	5250	27	0	0	0	fraun	Fraun		
2025-09-25 20:11:58	15200	2302	1	1	0	2033	6	-1	13720	0	0	0	0	fraun	Fraun		
2025-09-25 20:11:58	15200	2302	1	1	0	2033	8	-1	27900	0	0	0	0	fraun	Fraun		
2025-09-25 20:11:58	15200	2302	1	1	0	2033	10	-1	53800	0	0	0	0	fraun	Fraun		
2025-09-25 20:11:58	15200	2302	1	1	0	62303	4	-1	5250	28	0	0	0	fraun	Fraun		
2025-09-25 20:11:58	15200	2302	1	1	0	62303	6	-1	13720	0	0	0	0	fraun	Fraun		
2025-09-25 20:11:58	15200	2302	1	1	0	62303	8	-1	27900	0	0	0	0	fraun	Fraun		
2025-09-25 20:11:58	15200	2302	1	1	0	62303	10	-1	53800	0	0	0	0	fraun	Fraun		
2025-09-25 20:11:58	15200	2302	1	1	0	61010	3	-1	7890	29	0	0	0	fraun	Fraun		
2025-09-25 20:11:58	15200	2302	1	1	0	61010	4	-1	14600	0	0	0	0	fraun	Fraun		
2025-09-25 20:11:58	15200	2302	1	1	0	61010	5	-1	28800	0	0	0	0	fraun	Fraun		
2025-09-25 20:11:58	15200	2302	1	1	0	2623	3	-1	6580	30	0	0	0	fraun	Fraun		
2025-09-25 20:11:58	15200	2302	1	1	0	2623	4	-1	12100	0	0	0	0	fraun	Fraun		
2025-09-25 20:11:58	15200	2302	1	1	0	2623	5	-1	24000	0	0	0	0	fraun	Fraun		
2025-09-25 20:11:58	15200	2302	1	1	0	1157	3	-1	7890	31	0	0	0	fraun	Fraun		
2025-09-25 20:11:58	15200	2302	1	1	0	1157	4	-1	14600	0	0	0	0	fraun	Fraun		
2025-09-25 20:11:58	15200	2302	1	1	0	1157	5	-1	28800	0	0	0	0	fraun	Fraun		
2025-09-25 20:11:58	15200	2302	1	1	0	2601	3	-1	3540	0	0	0	0	fraun	Fraun		
2025-09-25 20:11:58	15200	2302	1	1	0	2601	4	-1	13800	0	0	0	0	fraun	Fraun		
2025-09-25 20:11:58	15200	2302	1	1	0	2601	5	-1	34100	0	0	0	0	fraun	Fraun		
2025-09-25 20:11:58	15200	2302	1	1	0	2034	4	-1	18680	32	0	0	0	fraun	Fraun		
2025-09-25 20:11:58	15200	2302	1	1	0	2034	5	-1	24000	0	0	0	0	fraun	Fraun		
2025-09-25 20:11:58	15200	2302	1	1	0	62304	4	-1	18680	33	0	0	0	fraun	Fraun		
2025-09-25 20:11:58	15200	2302	1	1	0	62304	5	-1	24000	0	0	0	0	fraun	Fraun		
2025-09-25 20:11:58	15200	2302	1	1	0	2502	3	-1	17340	34	0	0	0	fraun	Fraun		
2025-09-25 20:11:58	15200	2302	1	1	0	2304	4	-1	18680	35	0	0	0	fraun	Fraun		
2025-09-25 20:11:58	15200	2302	1	1	0	2304	5	-1	24000	0	0	0	0	fraun	Fraun		
2025-09-25 20:11:58	15200	2302	1	1	0	2501	3	-1	17340	36	0	0	0	fraun	Fraun		
2025-09-25 20:11:58	15200	2302	1	1	0	2503	3	-1	17340	37	0	0	0	fraun	Fraun		
2025-09-25 20:11:58	15200	2302	1	1	0	2626	3	-1	17340	38	0	0	0	fraun	Fraun		
2025-09-25 20:11:58	15200	2302	1	1	0	1801	2	-1	240	0	0	0	0	fraun	Fraun		
2025-09-25 20:11:58	15200	2302	1	1	0	50201	3	-1	3540	0	0	0	0	fraun	Fraun		
2025-09-25 20:11:58	15200	2302	1	1	0	50202	3	-1	3540	0	0	0	0	fraun	Fraun		
2025-09-25 20:11:58	15200	4000	1	1	8	29	3	0	0	0	0	0	0	fraun	Fraun	SVR500000029	
2025-09-25 20:11:58	15200	4001	1	1	13	30	1	0	0	0	0	0	0	fraun	Fraun	SVR500000030	
2025-09-25 20:11:58	15200	2302	1	1	0	4003	5	-1	16820	0	0	0	0	fraun	Fraun		
2025-09-25 20:11:58	15200	2201	1	1	100	0	0	0	0	0	0	0	0	fraun	Fraun		/run learn_all_skill()
2025-09-25 20:11:58	15200	2201	1	1	100	0	0	0	0	0	0	0	0	fraun	Fraun		/run learn_all_skill()
2025-09-25 20:11:59	16284	2702	1	1	0	4004	0	4080793412	0	0	153348	76434	0	fraun	Fraun		NPC_JobChange_contact()
2025-09-25 20:12:00	16284	2703	1	1	0	4004	0	4080793412	0	4080793412	153348	76434	0	fraun	Fraun		NPC_JobChange_change_job()
2025-09-25 20:12:01	16284	2703	1	1	0	4004	0	4080793412	0	4080793412	153348	76434	0	fraun	Fraun		Run_JobChange_check_common( '@10310' , 310 )
2025-09-25 20:12:02	16284	2304	1	1	0	301	310	50	50	0	0	0	0	fraun	Fraun		
2025-09-25 20:12:02	16284	2703	1	1	0	4004	0	4080793412	0	4080793412	153348	76434	0	fraun	Fraun		Run_JobChange_common( '@10310' , 310 )
2025-09-25 20:12:03	16284	2302	1	1	0	1221	4	-1	52000	0	0	0	0	fraun	Fraun		
2025-09-25 20:12:03	16284	2302	1	1	0	61004	12	-1	113700	0	0	0	0	fraun	Fraun		
2025-09-25 20:12:03	16284	2302	1	1	0	61004	14	-1	173000	0	0	0	0	fraun	Fraun		
2025-09-25 20:12:03	16284	2302	1	1	0	61004	16	-1	278000	0	0	0	0	fraun	Fraun		
2025-09-25 20:12:03	16284	2302	1	1	0	61004	18	-1	389000	0	0	0	0	fraun	Fraun		
2025-09-25 20:12:03	16284	2302	1	1	0	61004	20	-1	626000	0	0	0	0	fraun	Fraun		
2025-09-25 20:12:03	16284	2302	1	1	0	2639	1	-1	43400	39	0	0	0	fraun	Fraun		
2025-09-25 20:12:03	16284	2302	1	1	0	2639	2	-1	60000	0	0	0	0	fraun	Fraun		
2025-09-25 20:12:03	16284	2302	1	1	0	2639	3	-1	97100	0	0	0	0	fraun	Fraun		
2025-09-25 20:12:03	16284	2302	1	1	0	2639	4	-1	152000	0	0	0	0	fraun	Fraun		
2025-09-25 20:12:03	16284	2302	1	1	0	2639	5	-1	241000	0	0	0	0	fraun	Fraun		
2025-09-25 20:12:03	16284	2302	1	1	0	1201	11	-1	52000	0	0	0	0	fraun	Fraun		
2025-09-25 20:12:03	16284	2302	1	1	0	1201	12	-1	61700	0	0	0	0	fraun	Fraun		
2025-09-25 20:12:03	16284	2302	1	1	0	1201	13	-1	72000	0	0	0	0	fraun	Fraun		
2025-09-25 20:12:03	16284	2302	1	1	0	1201	14	-1	101000	0	0	0	0	fraun	Fraun		
2025-09-25 20:12:03	16284	2302	1	1	0	1201	15	-1	116000	0	0	0	0	fraun	Fraun		
2025-09-25 20:12:03	16284	2302	1	1	0	2031	6	-1	43400	0	0	0	0	fraun	Fraun		
2025-09-25 20:12:03	16284	2302	1	1	0	2031	7	-1	60000	0	0	0	0	fraun	Fraun		
2025-09-25 20:12:03	16284	2302	1	1	0	2031	8	-1	97100	0	0	0	0	fraun	Fraun		
2025-09-25 20:12:03	16284	2302	1	1	0	2031	9	-1	152000	0	0	0	0	fraun	Fraun		
2025-09-25 20:12:03	16284	2302	1	1	0	2031	10	-1	241000	0	0	0	0	fraun	Fraun		
2025-09-25 20:12:03	16284	2302	1	1	0	61010	6	-1	52000	0	0	0	0	fraun	Fraun		
2025-09-25 20:12:03	16284	2302	1	1	0	61010	7	-1	72000	0	0	0	0	fraun	Fraun		
2025-09-25 20:12:03	16284	2302	1	1	0	61010	8	-1	116000	0	0	0	0	fraun	Fraun		
2025-09-25 20:12:03	16284	2302	1	1	0	61010	9	-1	183000	0	0	0	0	fraun	Fraun		
2025-09-25 20:12:03	16284	2302	1	1	0	61010	10	-1	289000	0	0	0	0	fraun	Fraun		
2025-09-25 20:12:03	16284	2302	1	1	0	2074	1	-1	43400	40	0	0	0	fraun	Fraun		
2025-09-25 20:12:03	16284	2302	1	1	0	2074	2	-1	60000	0	0	0	0	fraun	Fraun		
2025-09-25 20:12:03	16284	2302	1	1	0	2074	3	-1	97100	0	0	0	0	fraun	Fraun		
2025-09-25 20:12:03	16284	2302	1	1	0	2074	4	-1	152000	0	0	0	0	fraun	Fraun		
2025-09-25 20:12:03	16284	2302	1	1	0	2074	5	-1	241000	0	0	0	0	fraun	Fraun		
2025-09-25 20:12:03	16284	2302	1	1	0	2621	7	-1	103400	0	0	0	0	fraun	Fraun		
2025-09-25 20:12:03	16284	2302	1	1	0	2621	8	-1	97100	0	0	0	0	fraun	Fraun		
2025-09-25 20:12:03	16284	2302	1	1	0	2621	9	-1	152000	0	0	0	0	fraun	Fraun		
2025-09-25 20:12:03	16284	2302	1	1	0	2621	10	-1	241000	0	0	0	0	fraun	Fraun		
2025-09-25 20:12:03	16284	2302	1	1	0	2032	14	-1	239400	0	0	0	0	fraun	Fraun		
2025-09-25 20:12:03	16284	2302	1	1	0	2032	16	-1	232100	0	0	0	0	fraun	Fraun		
2025-09-25 20:12:03	16284	2302	1	1	0	2032	18	-1	323000	0	0	0	0	fraun	Fraun		
2025-09-25 20:12:03	16284	2302	1	1	0	2032	20	-1	522000	0	0	0	0	fraun	Fraun		
2025-09-25 20:12:03	16284	2302	1	1	0	2502	4	-1	43400	0	0	0	0	fraun	Fraun		
2025-09-25 20:12:03	16284	2302	1	1	0	2502	5	-1	87700	0	0	0	0	fraun	Fraun		
2025-09-25 20:12:03	16284	2302	1	1	0	2502	6	-1	162000	0	0	0	0	fraun	Fraun		
2025-09-25 20:12:03	16284	2302	1	1	0	61019	2	-1	124000	41	0	0	0	fraun	Fraun		
2025-09-25 20:12:03	16284	2302	1	1	0	61019	3	-1	116000	0	0	0	0	fraun	Fraun		
2025-09-25 20:12:03	16284	2302	1	1	0	61019	4	-1	183000	0	0	0	0	fraun	Fraun		
2025-09-25 20:12:03	16284	2302	1	1	0	61019	5	-1	289000	0	0	0	0	fraun	Fraun		
2025-09-25 20:12:03	16284	2302	1	1	0	2033	14	-1	239400	0	0	0	0	fraun	Fraun		
2025-09-25 20:12:03	16284	2302	1	1	0	2033	16	-1	232100	0	0	0	0	fraun	Fraun		
2025-09-25 20:12:03	16284	2302	1	1	0	2033	18	-1	323000	0	0	0	0	fraun	Fraun		
2025-09-25 20:12:03	16284	2302	1	1	0	2033	20	-1	522000	0	0	0	0	fraun	Fraun		
2025-09-25 20:12:03	16284	2302	1	1	0	2630	2	-1	103400	42	0	0	0	fraun	Fraun		
2025-09-25 20:12:03	16284	2302	1	1	0	2630	3	-1	97100	0	0	0	0	fraun	Fraun		
2025-09-25 20:12:03	16284	2302	1	1	0	2630	4	-1	152000	0	0	0	0	fraun	Fraun		
2025-09-25 20:12:03	16284	2302	1	1	0	2630	5	-1	241000	0	0	0	0	fraun	Fraun		
2025-09-25 20:12:03	16284	2302	1	1	0	2637	2	-1	131100	43	0	0	0	fraun	Fraun		
2025-09-25 20:12:03	16284	2302	1	1	0	2637	3	-1	162000	0	0	0	0	fraun	Fraun		
2025-09-25 20:12:03	16284	2302	1	1	0	2601	7	-1	131100	0	0	0	0	fraun	Fraun		
2025-09-25 20:12:03	16284	2302	1	1	0	2601	8	-1	162000	0	0	0	0	fraun	Fraun		
2025-09-25 20:12:03	16284	2302	1	1	0	2623	8	-1	200500	0	0	0	0	fraun	Fraun		
2025-09-25 20:12:03	16284	2302	1	1	0	2623	9	-1	152000	0	0	0	0	fraun	Fraun		
2025-09-25 20:12:03	16284	2302	1	1	0	2623	10	-1	241000	0	0	0	0	fraun	Fraun		
2025-09-25 20:12:03	16284	2302	1	1	0	2060	6	-1	471500	44	0	0	0	fraun	Fraun		
2025-09-25 20:12:03	16284	2302	1	1	0	2060	8	-1	323000	0	0	0	0	fraun	Fraun		
2025-09-25 20:12:03	16284	2302	1	1	0	2060	10	-1	522000	0	0	0	0	fraun	Fraun		
2025-09-25 20:12:03	16284	2302	1	1	0	2075	6	-1	471500	45	0	0	0	fraun	Fraun		
2025-09-25 20:12:03	16284	2302	1	1	0	2075	8	-1	323000	0	0	0	0	fraun	Fraun		
2025-09-25 20:12:03	16284	2302	1	1	0	2075	10	-1	522000	0	0	0	0	fraun	Fraun		
2025-09-25 20:12:03	16284	2302	1	1	0	2649	3	-1	200500	46	0	0	0	fraun	Fraun		
2025-09-25 20:12:03	16284	2302	1	1	0	2649	4	-1	152000	0	0	0	0	fraun	Fraun		
2025-09-25 20:12:03	16284	2302	1	1	0	2649	5	-1	241000	0	0	0	0	fraun	Fraun		
2025-09-25 20:12:03	16284	2302	1	1	0	2034	8	-1	200500	0	0	0	0	fraun	Fraun		
2025-09-25 20:12:03	16284	2302	1	1	0	2034	9	-1	152000	0	0	0	0	fraun	Fraun		
2025-09-25 20:12:03	16284	2302	1	1	0	2034	10	-1	241000	0	0	0	0	fraun	Fraun		
2025-09-25 20:12:03	16284	2302	1	1	0	2070	4	-1	352500	47	0	0	0	fraun	Fraun		
2025-09-25 20:12:03	16284	2302	1	1	0	2070	5	-1	241000	0	0	0	0	fraun	Fraun		
2025-09-25 20:12:03	16284	2302	1	1	0	2638	3	-1	293100	48	0	0	0	fraun	Fraun		
2025-09-25 20:12:03	16284	2302	1	1	0	2076	8	-1	794500	49	0	0	0	fraun	Fraun		
2025-09-25 20:12:03	16284	2302	1	1	0	2076	10	-1	522000	0	0	0	0	fraun	Fraun		
2025-09-25 20:12:03	16284	2302	1	1	0	2077	4	-1	352500	50	0	0	0	fraun	Fraun		
2025-09-25 20:12:03	16284	2302	1	1	0	2077	5	-1	241000	0	0	0	0	fraun	Fraun		
2025-09-25 20:12:03	16284	2302	1	1	0	62011	4	-1	352500	51	0	0	0	fraun	Fraun		
2025-09-25 20:12:03	16284	2302	1	1	0	62011	5	-1	241000	0	0	0	0	fraun	Fraun		
2025-09-25 20:12:03	16284	2302	1	1	0	2071	5	-1	593500	52	0	0	0	fraun	Fraun		
2025-09-25 20:12:03	16284	2302	1	1	0	2078	5	-1	593500	53	0	0	0	fraun	Fraun		
2025-09-25 20:12:03	16284	2302	1	1	0	1801	3	-1	10400	0	0	0	0	fraun	Fraun		
2025-09-25 20:12:03	16284	2302	1	1	0	50201	5	-1	131100	0	0	0	0	fraun	Fraun		
2025-09-25 20:12:03	16284	2302	1	1	0	50202	5	-1	131100	0	0	0	0	fraun	Fraun		
2025-09-25 20:12:03	16284	4000	1	1	13	30	3	0	0	0	0	0	0	fraun	Fraun	SVR500000030	
2025-09-25 20:12:03	16284	4001	1	1	14	31	1	0	0	0	0	0	0	fraun	Fraun	SVR500000031	
2025-09-25 20:12:03	16284	2302	1	1	0	4003	7	-1	93000	0	0	0	0	fraun	Fraun		
2025-09-25 20:12:03	16284	2302	1	1	0	4003	8	-1	87400	0	0	0	0	fraun	Fraun		
2025-09-25 20:12:03	16284	2302	1	1	0	4003	9	-1	137000	0	0	0	0	fraun	Fraun		
2025-09-25 20:12:03	16284	2302	1	1	0	4003	10	-1	216000	0	0	0	0	fraun	Fraun		
2025-09-25 20:12:03	16284	2201	1	1	100	0	0	0	0	0	0	0	0	fraun	Fraun		/run learn_all_skill()
2025-09-25 20:12:03	16284	2201	1	1	100	0	0	0	0	0	0	0	0	fraun	Fraun		/run learn_all_skill()
2025-09-25 20:12:04	16284	2702	1	1	0	4004	0	4080793412	0	0	153348	76434	0	fraun	Fraun		NPC_JobChange_contact()
2025-09-25 20:12:05	16284	2703	1	1	0	4004	0	4080793412	0	4080793412	153348	76434	0	fraun	Fraun		NPC_JobChange_change_job()
2025-09-25 20:12:06	16284	2703	1	1	0	4004	0	4080793412	0	4080793412	153348	76434	0	fraun	Fraun		Run_JobChange_check_common( '@10320' , 320 )
2025-09-25 20:12:07	16284	2310	1	1	0	301	310	50	50	0	3	0	0	fraun	Fraun		ByScript
2025-09-25 20:12:07	16284	2310	1	1	0	310	320	50	50	3	5	0	0	fraun	Fraun		ByMasterClassJobChange
2025-09-25 20:12:07	16284	2304	1	1	0	310	320	50	50	2	5	0	0	fraun	Fraun		
2025-09-25 20:12:07	16284	2703	1	1	0	4004	0	4080793412	0	4080793412	153348	76434	0	fraun	Fraun		Run_JobChange_common( '@10320' , 320 )
2025-09-25 20:12:09	10936	101	0	0	0	10936	0	0	0	0	0	0	0			IOCP 00	KitekatGS
2025-09-25 20:12:09	10936	2310	1	1	0	310	320	50	105	5	1	0	0	fraun	Fraun		ByLearnAllSKill
2025-09-25 20:12:09	10936	2311	1	1	320	105	31101	1	-1	1	0	0	0	fraun	Fraun		ByLearnSkill
2025-09-25 20:12:09	10936	2302	1	1	0	31101	1	-1	216000	54	1	0	0	fraun	Fraun		
2025-09-25 20:12:09	10936	2310	1	1	0	310	320	50	105	0	1	0	0	fraun	Fraun		ByLearnAllSKill
2025-09-25 20:12:09	10936	2311	1	1	320	105	31101	2	-1	1	0	0	0	fraun	Fraun		ByLearnSkill
2025-09-25 20:12:09	10936	2302	1	1	0	31101	2	-1	216000	0	1	0	0	fraun	Fraun		
2025-09-25 20:12:09	10936	2310	1	1	0	310	320	50	105	0	1	0	0	fraun	Fraun		ByLearnAllSKill
2025-09-25 20:12:09	10936	2311	1	1	320	105	31102	1	-1	1	0	0	0	fraun	Fraun		ByLearnSkill
2025-09-25 20:12:09	10936	2302	1	1	0	31102	1	-1	216000	55	1	0	0	fraun	Fraun		
2025-09-25 20:12:09	10936	2302	1	1	0	31103	1	-1	120000000	56	0	0	0	fraun	Fraun		
2025-09-25 20:12:09	10936	2302	1	1	0	31103	2	-1	360000000	0	0	0	0	fraun	Fraun		
2025-09-25 20:12:09	10936	2302	1	1	0	31103	3	-1	1080000000	0	0	0	0	fraun	Fraun		
2025-09-25 20:12:09	10936	2302	1	1	0	31103	4	-1	1580000000	0	0	0	0	fraun	Fraun		
2025-09-25 20:12:09	10936	2302	1	1	0	31103	5	-1	2080000000	0	0	0	0	fraun	Fraun		
2025-09-25 20:12:09	10936	2302	1	1	0	2649	7	-1	5452000	0	0	0	0	fraun	Fraun		
2025-09-25 20:12:09	10936	2302	1	1	0	2649	9	-1	72549000	0	0	0	0	fraun	Fraun		
2025-09-25 20:12:09	10936	2302	1	1	0	31105	5	-1	3289000	57	0	0	0	fraun	Fraun		
2025-09-25 20:12:09	10936	2302	1	1	0	31105	10	-1	74793000	0	0	0	0	fraun	Fraun		
2025-09-25 20:12:09	10936	2302	1	1	0	2077	8	-1	3020000	0	0	0	0	fraun	Fraun		
2025-09-25 20:12:09	10936	2302	1	1	0	2077	11	-1	75050000	0	0	0	0	fraun	Fraun		
2025-09-25 20:12:09	10936	2302	1	1	0	61019	7	-1	5452000	0	0	0	0	fraun	Fraun		
2025-09-25 20:12:09	10936	2302	1	1	0	61019	9	-1	72549000	0	0	0	0	fraun	Fraun		
2025-09-25 20:12:09	10936	2302	1	1	0	31108	5	-1	3289000	58	0	0	0	fraun	Fraun		
2025-09-25 20:12:09	10936	2302	1	1	0	31108	10	-1	74793000	0	0	0	0	fraun	Fraun		
2025-09-25 20:12:09	10936	2302	1	1	0	31109	2	-1	5452000	59	0	0	0	fraun	Fraun		
2025-09-25 20:12:09	10936	2302	1	1	0	31109	4	-1	72549000	0	0	0	0	fraun	Fraun		
2025-09-25 20:12:09	10936	2302	1	1	0	31127	5	-1	3289000	60	0	0	0	fraun	Fraun		
2025-09-25 20:12:09	10936	2302	1	1	0	31127	10	-1	74793000	0	0	0	0	fraun	Fraun		
2025-09-25 20:12:09	10936	2310	1	1	0	310	320	50	105	0	1	0	0	fraun	Fraun		ByLearnAllSKill
2025-09-25 20:12:09	10936	2311	1	1	320	105	31110	1	-1	1	0	0	0	fraun	Fraun		ByLearnSkill
2025-09-25 20:12:09	10936	2302	1	1	0	31110	1	-1	74793000	61	1	0	0	fraun	Fraun		
2025-09-25 20:12:09	10936	2310	1	1	0	310	320	50	105	0	1	0	0	fraun	Fraun		ByLearnAllSKill
2025-09-25 20:12:09	10936	2311	1	1	320	105	31110	2	-1	1	0	0	0	fraun	Fraun		ByLearnSkill
2025-09-25 20:12:09	10936	2302	1	1	0	31110	2	-1	74793000	0	1	0	0	fraun	Fraun		
2025-09-25 20:12:09	10936	2310	1	1	0	310	320	50	105	0	1	0	0	fraun	Fraun		ByLearnAllSKill
2025-09-25 20:12:09	10936	2311	1	1	320	105	31111	1	-1	1	0	0	0	fraun	Fraun		ByLearnSkill
2025-09-25 20:12:09	10936	2302	1	1	0	31111	1	-1	74793000	62	1	0	0	fraun	Fraun		
2025-09-25 20:12:09	10936	2302	1	1	0	31112	1	-1	120000000	63	0	0	0	fraun	Fraun		
2025-09-25 20:12:09	10936	2302	1	1	0	31112	2	-1	360000000	0	0	0	0	fraun	Fraun		
2025-09-25 20:12:09	10936	2302	1	1	0	31112	3	-1	1080000000	0	0	0	0	fraun	Fraun		
2025-09-25 20:12:09	10936	2302	1	1	0	31112	4	-1	1580000000	0	0	0	0	fraun	Fraun		
2025-09-25 20:12:09	10936	2302	1	1	0	31112	5	-1	2080000000	0	0	0	0	fraun	Fraun		
2025-09-25 20:12:09	10936	2302	1	1	0	2074	8	-1	3020000	0	0	0	0	fraun	Fraun		
2025-09-25 20:12:09	10936	2302	1	1	0	2074	11	-1	75050000	0	0	0	0	fraun	Fraun		
2025-09-25 20:12:09	10936	2302	1	1	0	2075	15	-1	3289000	0	0	0	0	fraun	Fraun		
2025-09-25 20:12:09	10936	2302	1	1	0	2075	20	-1	74793000	0	0	0	0	fraun	Fraun		
2025-09-25 20:12:09	10936	2302	1	1	0	2076	15	-1	3289000	0	0	0	0	fraun	Fraun		
2025-09-25 20:12:09	10936	2302	1	1	0	2076	20	-1	74793000	0	0	0	0	fraun	Fraun		
2025-09-25 20:12:09	10936	2302	1	1	0	31116	5	-1	3289000	64	0	0	0	fraun	Fraun		
2025-09-25 20:12:09	10936	2302	1	1	0	31116	10	-1	74793000	0	0	0	0	fraun	Fraun		
2025-09-25 20:12:09	10936	2302	1	1	0	31117	5	-1	3289000	65	0	0	0	fraun	Fraun		
2025-09-25 20:12:09	10936	2302	1	1	0	31117	10	-1	74793000	0	0	0	0	fraun	Fraun		
2025-09-25 20:12:09	10936	2310	1	1	0	310	320	50	105	0	1	0	0	fraun	Fraun		ByLearnAllSKill
2025-09-25 20:12:09	10936	2311	1	1	320	105	31119	1	-1	1	0	0	0	fraun	Fraun		ByLearnSkill
2025-09-25 20:12:09	10936	2302	1	1	0	31119	1	-1	74793000	66	1	0	0	fraun	Fraun		
2025-09-25 20:12:09	10936	2310	1	1	0	310	320	50	105	0	1	0	0	fraun	Fraun		ByLearnAllSKill
2025-09-25 20:12:09	10936	2311	1	1	320	105	31119	2	-1	1	0	0	0	fraun	Fraun		ByLearnSkill
2025-09-25 20:12:09	10936	2302	1	1	0	31119	2	-1	74793000	0	1	0	0	fraun	Fraun		
2025-09-25 20:12:09	10936	2310	1	1	0	310	320	50	105	0	1	0	0	fraun	Fraun		ByLearnAllSKill
2025-09-25 20:12:09	10936	2311	1	1	320	105	31120	1	-1	1	0	0	0	fraun	Fraun		ByLearnSkill
2025-09-25 20:12:09	10936	2302	1	1	0	31120	1	-1	74793000	67	1	0	0	fraun	Fraun		
2025-09-25 20:12:09	10936	2302	1	1	0	31121	1	-1	120000000	68	0	0	0	fraun	Fraun		
2025-09-25 20:12:09	10936	2302	1	1	0	31121	2	-1	360000000	0	0	0	0	fraun	Fraun		
2025-09-25 20:12:09	10936	2302	1	1	0	31121	3	-1	1080000000	0	0	0	0	fraun	Fraun		
2025-09-25 20:12:09	10936	2302	1	1	0	31121	4	-1	1580000000	0	0	0	0	fraun	Fraun		
2025-09-25 20:12:09	10936	2302	1	1	0	31121	5	-1	2080000000	0	0	0	0	fraun	Fraun		
2025-09-25 20:12:09	10936	2302	1	1	0	2638	6	-1	21061000	0	0	0	0	fraun	Fraun		
2025-09-25 20:12:09	10936	2302	1	1	0	2638	7	-1	56940000	0	0	0	0	fraun	Fraun		
2025-09-25 20:12:09	10936	2302	1	1	0	2502	7	-1	14026000	0	0	0	0	fraun	Fraun		
2025-09-25 20:12:09	10936	2302	1	1	0	2502	8	-1	63960000	0	0	0	0	fraun	Fraun		
2025-09-25 20:12:09	10936	2302	1	1	0	31124	5	-1	3289000	69	0	0	0	fraun	Fraun		
2025-09-25 20:12:09	10936	2302	1	1	0	31124	10	-1	74793000	0	0	0	0	fraun	Fraun		
2025-09-25 20:12:09	10936	2302	1	1	0	31125	5	-1	3289000	70	0	0	0	fraun	Fraun		
2025-09-25 20:12:09	10936	2302	1	1	0	31125	10	-1	74793000	0	0	0	0	fraun	Fraun		
2025-09-25 20:12:09	10936	2302	1	1	0	31126	2	-1	5452000	71	0	0	0	fraun	Fraun		
2025-09-25 20:12:09	10936	2302	1	1	0	31126	4	-1	72549000	0	0	0	0	fraun	Fraun		
2025-09-25 20:12:09	10936	2302	1	1	0	31128	3	-1	3020000	72	0	0	0	fraun	Fraun		
2025-09-25 20:12:09	10936	2302	1	1	0	31128	6	-1	75050000	0	0	0	0	fraun	Fraun		
2025-09-25 20:12:09	10936	2302	1	1	0	50201	7	-1	7798600	0	0	0	0	fraun	Fraun		
2025-09-25 20:12:09	10936	4000	1	1	14	31	3	0	0	0	0	0	0	fraun	Fraun	SVR500000031	
2025-09-25 20:12:09	10936	2302	1	1	0	50202	7	-1	7798600	0	0	0	0	fraun	Fraun		
2025-09-25 20:12:09	10936	2302	1	1	0	61010	11	-1	395000	0	0	0	0	fraun	Fraun		
2025-09-25 20:12:09	10936	2302	1	1	0	61010	12	-1	501000	0	0	0	0	fraun	Fraun		
2025-09-25 20:12:09	10936	2302	1	1	0	61010	13	-1	607000	0	0	0	0	fraun	Fraun		
2025-09-25 20:12:09	10936	2302	1	1	0	61010	14	-1	713000	0	0	0	0	fraun	Fraun		
2025-09-25 20:12:09	10936	2302	1	1	0	61010	15	-1	819000	0	0	0	0	fraun	Fraun		
2025-09-25 20:12:09	10936	2302	1	1	0	61010	16	-1	925000	0	0	0	0	fraun	Fraun		
2025-09-25 20:12:09	10936	2302	1	1	0	61010	17	-1	1031000	0	0	0	0	fraun	Fraun		
2025-09-25 20:12:09	10936	2302	1	1	0	61010	18	-1	1137000	0	0	0	0	fraun	Fraun		
2025-09-25 20:12:09	10936	2302	1	1	0	61010	19	-1	1243000	0	0	0	0	fraun	Fraun		
2025-09-25 20:12:09	10936	2302	1	1	0	61010	20	-1	1349000	0	0	0	0	fraun	Fraun		
2025-09-25 20:12:09	10936	2201	1	1	100	0	0	0	0	0	0	0	0	fraun	Fraun		/run learn_all_skill()
2025-09-25 20:12:09	10936	2201	1	1	100	0	0	0	0	0	0	0	0	fraun	Fraun		/run learn_all_skill()
2025-09-25 20:12:21	1848	104	0	0	0	1	0	1455988	4525	175591	0	0	0				
2025-09-25 20:12:26	2332	2201	1	1	100	0	0	0	0	0	0	0	0	fraun	Fraun		/warp2 154181 76632
2025-09-25 20:12:37	2332	2102	1	1	300	320	0	275638	4080793412	0	154126	76583	130	fraun	Fraun		
2025-09-25 20:12:37	2332	2103	1	1	300	105	1349000	320	4080793412	0	0	0	272233208401492000	fraun	Fraun		
2025-09-25 20:13:21	1848	104	0	0	0	0	0	1456044	5688	179788	0	0	0				
2025-09-25 20:14:21	1848	104	0	0	0	0	0	1456044	5688	179788	0	0	0				
2025-09-25 20:15:21	1848	104	0	0	0	0	0	1456096	5688	179788	0	0	0				
2025-09-25 20:16:21	1848	104	0	0	0	0	0	1456056	5688	179788	0	0	0				
2025-09-25 20:17:21	1848	104	0	0	0	0	0	1456064	5688	179788	0	0	0				
2025-09-25 20:18:21	1848	104	0	0	0	0	0	1456076	5688	179788	0	0	0				
2025-09-25 20:19:21	1848	104	0	0	0	0	0	1241336	5688	179788	0	0	0				
2025-09-25 20:20:21	1848	104	0	0	0	0	0	1241404	5688	179788	0	0	0				
2025-09-25 20:21:21	1848	104	0	0	0	0	0	1241372	5688	179788	0	0	0				
2025-09-25 20:22:21	1848	104	0	0	0	0	0	1241376	5688	179788	0	0	0				
2025-09-25 20:23:21	1848	104	0	0	0	0	0	1241376	5688	179788	0	0	0				
2025-09-25 20:24:21	1848	104	0	0	0	0	0	1241376	5688	179788	0	0	0				
2025-09-25 20:25:21	1848	104	0	0	0	0	0	1241384	5688	179788	0	0	0				
2025-09-25 20:26:21	1848	104	0	0	0	0	0	1241396	5688	179788	0	0	0				
2025-09-25 20:27:21	1848	104	0	0	0	0	0	1241400	5688	179788	0	0	0				
2025-09-25 20:28:21	1848	104	0	0	0	0	0	1241400	5688	179788	0	0	0				
2025-09-25 20:29:21	1848	104	0	0	0	0	0	1241400	5688	179788	0	0	0				
2025-09-25 20:30:21	1848	104	0	0	0	0	0	1241404	5688	179788	0	0	0				
2025-09-25 20:31:21	1848	104	0	0	0	0	0	1241404	5688	179788	0	0	0				
2025-09-25 20:32:21	1848	104	0	0	0	0	0	1241408	5688	179788	0	0	0				
2025-09-25 20:33:21	1848	104	0	0	0	0	0	1241412	5688	179788	0	0	0				
2025-09-25 20:34:21	1848	104	0	0	0	0	0	1241380	5688	179788	0	0	0				
2025-09-25 20:35:21	1848	104	0	0	0	0	0	1241384	5688	179788	0	0	0				
2025-09-25 20:36:21	1848	104	0	0	0	0	0	1241400	5688	179788	0	0	0				
2025-09-25 20:37:21	1848	104	0	0	0	0	0	1241404	5688	179788	0	0	0				
2025-09-25 20:38:21	1848	104	0	0	0	0	0	1241404	5688	179788	0	0	0				
2025-09-25 20:39:21	1848	104	0	0	0	0	0	1241416	5688	179788	0	0	0				
2025-09-25 20:40:21	1848	104	0	0	0	0	0	1241428	5688	179788	0	0	0				
2025-09-25 20:41:21	1848	104	0	0	0	0	0	1241448	5688	179788	0	0	0				
2025-09-25 20:42:21	1848	104	0	0	0	0	0	1241448	5688	179788	0	0	0				
2025-09-25 20:43:21	1848	104	0	0	0	0	0	1241452	5688	179788	0	0	0				
2025-09-25 20:44:21	1848	104	0	0	0	0	0	1241452	5688	179788	0	0	0				
2025-09-25 20:45:21	1848	104	0	0	0	0	0	1241456	5688	179788	0	0	0				
2025-09-25 20:46:21	1848	104	0	0	0	0	0	1241464	5688	179788	0	0	0				
2025-09-25 20:47:21	1848	104	0	0	0	0	0	1241464	5688	179788	0	0	0				
2025-09-25 20:48:21	1848	104	0	0	0	0	0	1241464	5688	179788	0	0	0				
2025-09-25 20:49:21	1848	104	0	0	0	0	0	1241444	5688	179788	0	0	0				
2025-09-25 20:50:21	1848	104	0	0	0	0	0	1241444	5688	179788	0	0	0				
2025-09-25 20:51:21	1848	104	0	0	0	0	0	1241448	5688	179788	0	0	0				
2025-09-25 20:52:21	1848	104	0	0	0	0	0	1241448	5688	179788	0	0	0				
2025-09-25 20:53:21	1848	104	0	0	0	0	0	1241456	5688	179788	0	0	0				
2025-09-25 20:54:21	1848	104	0	0	0	0	0	1241456	5688	179788	0	0	0				
2025-09-25 20:55:21	1848	104	0	0	0	0	0	1241456	5688	179788	0	0	0				
2025-09-25 20:56:21	1848	104	0	0	0	0	0	1241456	5688	179788	0	0	0				
2025-09-25 20:57:21	1848	104	0	0	0	0	0	1241456	5688	179788	0	0	0				
2025-09-25 20:58:21	1848	104	0	0	0	0	0	1241456	5688	179788	0	0	0				
2025-09-25 20:59:21	1848	104	0	0	0	0	0	1241460	5688	179788	0	0	0				
