2025-09-24 06:00:53	11132	104	0	0	0	0	0	72120	199704	1488887	0	0	0				
2025-09-24 06:01:53	11132	104	0	0	0	0	0	72128	199704	1488887	0	0	0				
2025-09-24 06:02:53	11132	104	0	0	0	0	0	72132	199704	1488887	0	0	0				
2025-09-24 06:03:53	11132	104	0	0	0	0	0	72132	199704	1488887	0	0	0				
2025-09-24 06:04:53	11132	104	0	0	0	0	0	72132	199704	1488887	0	0	0				
2025-09-24 06:05:53	11132	104	0	0	0	0	0	72136	199704	1488887	0	0	0				
2025-09-24 06:06:53	11132	104	0	0	0	0	0	72140	199704	1488887	0	0	0				
2025-09-24 06:07:53	11132	104	0	0	0	0	0	72140	199704	1488887	0	0	0				
2025-09-24 06:08:53	11132	104	0	0	0	0	0	72140	199704	1488887	0	0	0				
2025-09-24 06:09:53	11132	104	0	0	0	0	0	72140	199704	1488887	0	0	0				
2025-09-24 06:10:53	11132	104	0	0	0	0	0	72140	199704	1488887	0	0	0				
2025-09-24 06:11:53	11132	104	0	0	0	0	0	72144	199704	1488887	0	0	0				
2025-09-24 06:12:53	11132	104	0	0	0	0	0	72144	199704	1488887	0	0	0				
