2025-09-24 17:27:50	1060	101	0	0	0	1060	0	0	0	0	0	0	0			IOCP 03	KitekatGS
2025-09-24 17:27:50	1060	2702	1	1	0	11424	0	4080793412	0	0	98552	127398	0	fraun	Fraun		NPC_lost_island_rooze_contact()
2025-09-24 17:27:52	1060	2703	1	1	0	11424	0	4080793412	0	4080793412	98552	127398	0	fraun	Fraun		NPC_lost_island_rooze_warp()
2025-09-24 17:27:55	1060	2703	1	1	0	11424	0	4080793412	0	4080793412	98552	127398	0	fraun	Fraun		warp_to_instance_dungeon(80000,0)
2025-09-24 17:27:55	9596	101	0	0	0	9596	0	0	0	0	0	0	0			Scheduler 02	KitekatGS
2025-09-24 17:27:55	9596	3900	1	1	80000	0	1	-1	0	0	0	0	0	fraun	Fraun		
2025-09-24 17:27:55	9596	3906	0	0	80000	0	1	0	0	0	0	0	0			MMT_init( 1, 1 )	INSTANCE_CREATE
2025-09-24 17:27:55	9596	3901	1	1	80000	0	1	-1	0	0	1	0	0	fraun	Fraun		
2025-09-24 17:27:55	9596	3906	0	0	80000	0	1	0	0	0	0	0	0			MMT_on_join( 1 )	USER_JOIN
2025-09-24 17:27:55	9596	2701	1	1	0	0	0	1	98552	127398	19128	51384	0	fraun	Fraun		
2025-09-24 17:28:32	13660	101	0	0	0	13660	0	0	0	0	0	0	0			Scheduler 01	KitekatGS
2025-09-24 17:28:32	13660	104	0	0	0	1	0	1455304	3093	47964	0	0	0				
2025-09-24 17:29:32	13660	104	0	0	0	1	0	1455320	3440	48435	0	0	0				
2025-09-24 17:30:32	13660	104	0	0	0	1	0	1455352	3821	48663	0	0	0				
2025-09-24 17:31:32	13660	104	0	0	0	1	0	1455396	4156	48729	0	0	0				
2025-09-24 17:32:32	13660	104	0	0	0	1	0	1455408	4505	48795	0	0	0				
2025-09-24 17:33:32	13660	104	0	0	0	1	0	1455376	4861	48876	0	0	0				
2025-09-24 17:34:32	13660	104	0	0	0	1	0	1455376	5187	48942	0	0	0				
2025-09-24 17:35:32	13660	104	0	0	0	1	0	1455388	5493	49008	0	0	0				
2025-09-24 17:36:32	13660	104	0	0	0	1	0	1455440	5834	49074	0	0	0				
2025-09-24 17:37:32	13660	104	0	0	0	1	0	1455444	6208	49140	0	0	0				
2025-09-24 17:38:32	13660	104	0	0	0	1	0	1455416	6589	49221	0	0	0				
2025-09-24 17:39:32	13660	104	0	0	0	1	0	1455420	6930	49287	0	0	0				
2025-09-24 17:40:32	13660	104	0	0	0	1	0	1455420	7271	49353	0	0	0				
2025-09-24 17:41:32	13660	104	0	0	0	1	0	1455420	7592	49419	0	0	0				
2025-09-24 17:42:32	13660	104	0	0	0	1	0	1455420	7944	50100	0	0	0				
2025-09-24 17:43:32	13660	104	0	0	0	1	0	1455432	8294	50181	0	0	0				
2025-09-24 17:44:32	13660	104	0	0	0	1	0	1455444	8614	50247	0	0	0				
2025-09-24 17:45:32	13660	104	0	0	0	1	0	1455448	8922	50313	0	0	0				
2025-09-24 17:46:32	13660	104	0	0	0	1	0	1455448	9294	50379	0	0	0				
2025-09-24 17:47:32	13660	104	0	0	0	1	0	1455448	9603	50445	0	0	0				
2025-09-24 17:48:33	13660	104	0	0	0	1	0	1455448	9976	50526	0	0	0				
2025-09-24 17:49:33	13660	104	0	0	0	1	0	1455456	10300	50592	0	0	0				
2025-09-24 17:50:33	13660	104	0	0	0	1	0	1280692	10668	50658	0	0	0				
2025-09-24 17:51:33	13660	104	0	0	0	1	0	1280692	11017	50724	0	0	0				
2025-09-24 17:52:33	13660	104	0	0	0	1	0	1280692	11373	50790	0	0	0				
2025-09-24 17:53:33	13660	104	0	0	0	1	0	1280692	11701	50871	0	0	0				
2025-09-24 17:54:33	13660	104	0	0	0	1	0	1280692	12049	50937	0	0	0				
2025-09-24 17:55:33	13660	104	0	0	0	1	0	151720	12384	51003	0	0	0				
2025-09-24 17:56:33	13660	104	0	0	0	1	0	151764	12742	51069	0	0	0				
2025-09-24 17:57:33	13660	104	0	0	0	1	0	151816	13118	51135	0	0	0				
2025-09-24 17:58:33	13660	104	0	0	0	1	0	151908	13484	51216	0	0	0				
2025-09-24 17:59:33	13660	104	0	0	0	1	0	151916	13875	51282	0	0	0				
