2025-09-19 23:00:04	10988	104	0	0	0	0	0	52304	6712	70125	0	0	0				
2025-09-19 23:01:04	10988	104	0	0	0	0	0	52304	6712	70125	0	0	0				
2025-09-19 23:02:04	10988	104	0	0	0	0	0	52304	6712	70125	0	0	0				
2025-09-19 23:03:04	10988	104	0	0	0	0	0	52304	6712	70125	0	0	0				
2025-09-19 23:04:04	10988	104	0	0	0	0	0	52304	6712	70125	0	0	0				
2025-09-19 23:05:04	10988	104	0	0	0	0	1	52512	6712	70125	0	0	0				
2025-09-19 23:06:04	10988	104	0	0	0	0	0	52856	6712	70125	0	0	0				
2025-09-19 23:07:04	10988	104	0	0	0	0	0	53152	6712	70125	0	0	0				
2025-09-19 23:08:04	10988	104	0	0	0	0	0	53396	6712	70125	0	0	0				
2025-09-19 23:09:04	10988	104	0	0	0	0	0	53548	6712	70125	0	0	0				
2025-09-19 23:10:04	10988	104	0	0	0	0	0	53680	6712	70125	0	0	0				
2025-09-19 23:11:04	10988	104	0	0	0	0	0	53852	6712	70125	0	0	0				
2025-09-19 23:12:04	10988	104	0	0	0	0	0	53920	6712	70125	0	0	0				
2025-09-19 23:13:04	10988	104	0	0	0	0	0	53992	6712	70125	0	0	0				
2025-09-19 23:14:04	10988	104	0	0	0	0	0	54068	6712	70125	0	0	0				
2025-09-19 23:15:04	10988	104	0	0	0	0	0	54144	6712	70125	0	0	0				
2025-09-19 23:16:04	10988	104	0	0	0	0	0	54232	6712	70125	0	0	0				
2025-09-19 23:17:04	10988	104	0	0	0	0	0	54280	6712	70125	0	0	0				
2025-09-19 23:18:04	10988	104	0	0	0	0	0	54356	6712	70125	0	0	0				
2025-09-19 23:19:04	10988	104	0	0	0	0	0	54476	6712	70125	0	0	0				
2025-09-19 23:20:04	10988	104	0	0	0	0	0	54440	6712	70125	0	0	0				
2025-09-19 23:21:04	10988	104	0	0	0	0	0	54476	6712	70125	0	0	0				
2025-09-19 23:22:04	10988	104	0	0	0	0	0	54516	6712	70125	0	0	0				
2025-09-19 23:23:04	10988	104	0	0	0	0	0	54572	6712	70125	0	0	0				
2025-09-19 23:24:04	10988	104	0	0	0	0	0	54612	6712	70125	0	0	0				
2025-09-19 23:25:04	10988	104	0	0	0	0	0	54196	6712	70125	0	0	0				
2025-09-19 23:26:04	10988	104	0	0	0	0	0	54252	6712	70125	0	0	0				
2025-09-19 23:27:04	10988	104	0	0	0	0	1	54284	6712	70125	0	0	0				
2025-09-19 23:28:04	10988	104	0	0	0	0	0	54328	6712	70125	0	0	0				
2025-09-19 23:29:04	10988	104	0	0	0	0	0	54364	6712	70125	0	0	0				
2025-09-19 23:30:04	10988	104	0	0	0	0	0	53580	6712	70125	0	0	0				
2025-09-19 23:31:04	10988	104	0	0	0	0	0	53596	6712	70125	0	0	0				
2025-09-19 23:32:04	10988	104	0	0	0	0	0	53652	6712	70125	0	0	0				
2025-09-19 23:33:04	10988	104	0	0	0	0	0	53680	6712	70125	0	0	0				
2025-09-19 23:34:04	10988	104	0	0	0	0	0	53700	6712	70125	0	0	0				
2025-09-19 23:35:04	10988	104	0	0	0	0	0	53736	6712	70125	0	0	0				
2025-09-19 23:36:04	10988	104	0	0	0	0	0	53640	6712	70125	0	0	0				
2025-09-19 23:37:04	10988	104	0	0	0	0	0	53692	6712	70125	0	0	0				
2025-09-19 23:38:04	10988	104	0	0	0	0	0	53720	6712	70125	0	0	0				
2025-09-19 23:39:04	10988	104	0	0	0	0	0	53800	6712	70125	0	0	0				
2025-09-19 23:40:04	10988	104	0	0	0	0	1	53836	6712	70125	0	0	0				
2025-09-19 23:41:04	10988	104	0	0	0	0	0	53856	6712	70125	0	0	0				
2025-09-19 23:42:04	10988	104	0	0	0	0	0	53876	6712	70125	0	0	0				
2025-09-19 23:43:04	10988	104	0	0	0	0	0	53888	6712	70125	0	0	0				
2025-09-19 23:43:26	11240	110	1	0	0	0	0	0	0	0	0	0	0	fraun	2C-F0-5D-E0-C8-8C|Windows  (6.2.9200)|NVIDIA GeForce RTX 4060Drv Version : 32767.65535.65535.65535	192.168.122.1	
2025-09-19 23:44:04	10988	104	0	0	0	0	0	55468	7344	74023	0	0	0				
2025-09-19 23:45:04	10988	104	0	0	0	0	1	55488	7344	74095	0	0	0				
2025-09-19 23:46:04	10988	104	0	0	0	0	0	55116	7344	74095	0	0	0				
2025-09-19 23:47:04	10988	104	0	0	0	0	0	55148	7344	74095	0	0	0				
2025-09-19 23:48:04	10988	104	0	0	0	0	0	55176	7344	74095	0	0	0				
2025-09-19 23:49:04	10988	104	0	0	0	0	0	55212	7344	74095	0	0	0				
2025-09-19 23:50:04	10988	104	0	0	0	0	0	55220	7344	74095	0	0	0				
2025-09-19 23:51:04	10988	104	0	0	0	0	0	55060	7344	74095	0	0	0				
2025-09-19 23:52:04	10988	104	0	0	0	0	0	55084	7344	74095	0	0	0				
2025-09-19 23:53:04	10988	104	0	0	0	0	0	55156	7344	74095	0	0	0				
2025-09-19 23:54:04	10988	104	0	0	0	0	0	55180	7344	74095	0	0	0				
2025-09-19 23:55:04	10988	104	0	0	0	0	1	55244	7344	74095	0	0	0				
2025-09-19 23:56:04	10988	104	0	0	0	0	0	55260	7344	74095	0	0	0				
2025-09-19 23:57:04	10988	104	0	0	0	0	0	55300	7344	74095	0	0	0				
2025-09-19 23:58:04	10988	104	0	0	0	0	0	55340	7344	74095	0	0	0				
2025-09-19 23:59:04	10988	104	0	0	0	0	0	55360	7344	74095	0	0	0				
