2025-09-26 05:00:25	1848	104	0	0	0	0	0	74316	5715	179788	0	0	0				
2025-09-26 05:01:26	1848	104	0	0	0	0	0	74320	5715	179788	0	0	0				
2025-09-26 05:02:26	1848	104	0	0	0	0	0	74324	5715	179788	0	0	0				
2025-09-26 05:03:26	1848	104	0	0	0	0	0	74324	5715	179788	0	0	0				
2025-09-26 05:04:26	1848	104	0	0	0	0	0	74324	5715	179788	0	0	0				
2025-09-26 05:05:26	1848	104	0	0	0	0	0	74324	5715	179788	0	0	0				
2025-09-26 05:06:26	1848	104	0	0	0	0	0	74296	5715	179788	0	0	0				
2025-09-26 05:07:26	1848	104	0	0	0	0	0	74308	5715	179788	0	0	0				
2025-09-26 05:08:26	1848	104	0	0	0	0	0	74312	5715	179788	0	0	0				
2025-09-26 05:09:26	1848	104	0	0	0	0	0	74312	5715	179788	0	0	0				
2025-09-26 05:10:26	1848	104	0	0	0	0	0	74316	5715	179788	0	0	0				
2025-09-26 05:11:26	1848	104	0	0	0	0	0	74320	5715	179788	0	0	0				
2025-09-26 05:12:26	1848	104	0	0	0	0	0	74324	5715	179788	0	0	0				
2025-09-26 05:13:26	1848	104	0	0	0	0	0	74324	5715	179788	0	0	0				
2025-09-26 05:14:26	1848	104	0	0	0	0	0	74328	5715	179788	0	0	0				
2025-09-26 05:15:26	1848	104	0	0	0	0	0	74328	5715	179788	0	0	0				
2025-09-26 05:16:26	1848	104	0	0	0	0	0	74328	5715	179788	0	0	0				
2025-09-26 05:17:26	1848	104	0	0	0	0	0	74328	5715	179788	0	0	0				
2025-09-26 05:18:26	1848	104	0	0	0	0	0	74328	5715	179788	0	0	0				
2025-09-26 05:19:26	1848	104	0	0	0	0	0	74328	5715	179788	0	0	0				
2025-09-26 05:20:26	1848	104	0	0	0	0	0	74328	5715	179788	0	0	0				
2025-09-26 05:21:26	1848	104	0	0	0	0	0	74308	5715	179788	0	0	0				
2025-09-26 05:22:26	1848	104	0	0	0	0	0	74308	5715	179788	0	0	0				
2025-09-26 05:23:26	1848	104	0	0	0	0	0	74312	5715	179788	0	0	0				
2025-09-26 05:24:26	1848	104	0	0	0	0	1	74316	5715	179788	0	0	0				
2025-09-26 05:25:26	1848	104	0	0	0	0	0	74316	5715	179788	0	0	0				
2025-09-26 05:26:26	1848	104	0	0	0	0	0	74320	5715	179788	0	0	0				
2025-09-26 05:27:26	1848	104	0	0	0	0	0	74320	5715	179788	0	0	0				
2025-09-26 05:28:26	1848	104	0	0	0	0	0	74320	5715	179788	0	0	0				
2025-09-26 05:29:26	1848	104	0	0	0	0	0	74320	5715	179788	0	0	0				
2025-09-26 05:30:26	1848	104	0	0	0	0	0	74320	5715	179788	0	0	0				
2025-09-26 05:31:26	1848	104	0	0	0	0	0	74324	5715	179788	0	0	0				
2025-09-26 05:32:26	1848	104	0	0	0	0	0	74332	5715	179788	0	0	0				
2025-09-26 05:33:26	1848	104	0	0	0	0	0	74332	5715	179788	0	0	0				
2025-09-26 05:34:26	1848	104	0	0	0	0	0	74332	5715	179788	0	0	0				
2025-09-26 05:35:26	1848	104	0	0	0	0	0	74332	5715	179788	0	0	0				
2025-09-26 05:36:26	1848	104	0	0	0	0	0	74300	5715	179788	0	0	0				
2025-09-26 05:37:26	1848	104	0	0	0	0	0	74316	5715	179788	0	0	0				
2025-09-26 05:38:26	1848	104	0	0	0	0	0	74316	5715	179788	0	0	0				
2025-09-26 05:39:26	1848	104	0	0	0	0	0	74324	5715	179788	0	0	0				
2025-09-26 05:40:26	1848	104	0	0	0	0	0	74324	5715	179788	0	0	0				
2025-09-26 05:41:26	1848	104	0	0	0	0	0	74324	5715	179788	0	0	0				
2025-09-26 05:42:26	1848	104	0	0	0	0	0	74324	5715	179788	0	0	0				
2025-09-26 05:43:26	1848	104	0	0	0	0	0	74328	5715	179788	0	0	0				
2025-09-26 05:44:26	1848	104	0	0	0	0	0	74332	5715	179788	0	0	0				
2025-09-26 05:45:26	1848	104	0	0	0	0	1	74332	5715	179788	0	0	0				
2025-09-26 05:46:26	1848	104	0	0	0	0	1	74332	5715	179788	0	0	0				
2025-09-26 05:47:26	1848	104	0	0	0	0	0	74332	5715	179788	0	0	0				
2025-09-26 05:48:26	1848	104	0	0	0	0	0	74332	5715	179788	0	0	0				
2025-09-26 05:49:26	1848	104	0	0	0	0	0	74332	5715	179788	0	0	0				
2025-09-26 05:50:26	1848	104	0	0	0	0	0	74332	5715	179788	0	0	0				
2025-09-26 05:51:26	1848	104	0	0	0	0	0	74308	5715	179788	0	0	0				
2025-09-26 05:52:26	1848	104	0	0	0	0	0	74312	5715	179788	0	0	0				
2025-09-26 05:53:26	1848	104	0	0	0	0	0	74312	5715	179788	0	0	0				
2025-09-26 05:54:26	1848	104	0	0	0	0	0	74320	5715	179788	0	0	0				
2025-09-26 05:55:26	1848	104	0	0	0	0	0	74320	5715	179788	0	0	0				
2025-09-26 05:56:26	1848	104	0	0	0	0	0	74320	5715	179788	0	0	0				
2025-09-26 05:57:26	1848	104	0	0	0	0	0	74324	5715	179788	0	0	0				
2025-09-26 05:58:26	1848	104	0	0	0	0	0	74324	5715	179788	0	0	0				
2025-09-26 05:59:26	1848	104	0	0	0	0	0	74324	5715	179788	0	0	0				
