2025-09-19 06:00:40	9024	104	0	0	0	0	0	652464	641	2381	0	0	0				
2025-09-19 06:01:40	9024	104	0	0	0	0	0	652468	641	2381	0	0	0				
2025-09-19 06:02:40	9024	104	0	0	0	0	0	652468	641	2381	0	0	0				
2025-09-19 06:03:40	9024	104	0	0	0	0	0	652468	641	2381	0	0	0				
2025-09-19 06:04:40	9024	104	0	0	0	0	0	652472	641	2381	0	0	0				
2025-09-19 06:05:40	9024	104	0	0	0	0	0	652472	641	2381	0	0	0				
2025-09-19 06:06:40	9024	104	0	0	0	0	0	652476	641	2381	0	0	0				
2025-09-19 06:07:40	9024	104	0	0	0	0	0	652476	641	2381	0	0	0				
2025-09-19 06:08:40	9024	104	0	0	0	0	0	652476	641	2381	0	0	0				
2025-09-19 06:09:40	9024	104	0	0	0	0	0	652476	641	2381	0	0	0				
2025-09-19 06:10:40	9024	104	0	0	0	0	0	652476	641	2381	0	0	0				
2025-09-19 06:11:40	9024	104	0	0	0	0	0	652464	641	2381	0	0	0				
2025-09-19 06:12:40	9024	104	0	0	0	0	0	652472	641	2381	0	0	0				
2025-09-19 06:13:40	9024	104	0	0	0	0	0	652472	641	2381	0	0	0				
2025-09-19 06:14:40	9024	104	0	0	0	0	0	652472	641	2381	0	0	0				
2025-09-19 06:15:40	9024	104	0	0	0	0	0	652476	641	2381	0	0	0				
2025-09-19 06:16:40	9024	104	0	0	0	0	0	652476	641	2381	0	0	0				
2025-09-19 06:17:40	9024	104	0	0	0	0	0	652476	641	2381	0	0	0				
2025-09-19 06:18:40	9024	104	0	0	0	0	0	652476	641	2381	0	0	0				
2025-09-19 06:19:40	9024	104	0	0	0	0	0	652476	641	2381	0	0	0				
2025-09-19 06:20:40	9024	104	0	0	0	0	0	652476	641	2381	0	0	0				
2025-09-19 06:21:40	9024	104	0	0	0	0	0	652476	641	2381	0	0	0				
2025-09-19 06:22:40	9024	104	0	0	0	0	0	652476	641	2381	0	0	0				
2025-09-19 06:23:40	9024	104	0	0	0	0	0	652476	641	2381	0	0	0				
2025-09-19 06:24:40	9024	104	0	0	0	0	0	652476	641	2381	0	0	0				
2025-09-19 06:25:40	9024	104	0	0	0	0	0	652476	641	2381	0	0	0				
2025-09-19 06:26:40	9024	104	0	0	0	0	0	652456	641	2381	0	0	0				
2025-09-19 06:27:40	9024	104	0	0	0	0	0	652464	641	2381	0	0	0				
2025-09-19 06:28:40	9024	104	0	0	0	0	0	652468	641	2381	0	0	0				
2025-09-19 06:29:40	9024	104	0	0	0	0	0	652468	641	2381	0	0	0				
2025-09-19 06:30:40	9024	104	0	0	0	0	0	652472	641	2381	0	0	0				
2025-09-19 06:31:40	9024	104	0	0	0	0	0	652472	641	2381	0	0	0				
2025-09-19 06:32:40	9024	104	0	0	0	0	0	652472	641	2381	0	0	0				
2025-09-19 06:33:40	9024	104	0	0	0	0	0	652472	641	2381	0	0	0				
2025-09-19 06:34:40	9024	104	0	0	0	0	0	652472	641	2381	0	0	0				
2025-09-19 06:35:40	9024	104	0	0	0	0	0	652472	641	2381	0	0	0				
2025-09-19 06:36:40	9024	104	0	0	0	0	0	652476	641	2381	0	0	0				
2025-09-19 06:37:40	9024	104	0	0	0	0	0	652476	641	2381	0	0	0				
2025-09-19 06:38:40	9024	104	0	0	0	0	0	652476	641	2381	0	0	0				
2025-09-19 06:39:40	9024	104	0	0	0	0	0	652476	641	2381	0	0	0				
2025-09-19 06:40:40	9024	104	0	0	0	0	0	652476	641	2381	0	0	0				
2025-09-19 06:41:40	9024	104	0	0	0	0	0	652456	641	2381	0	0	0				
2025-09-19 06:42:40	9024	104	0	0	0	0	0	652464	641	2381	0	0	0				
2025-09-19 06:43:40	9024	104	0	0	0	0	0	652464	641	2381	0	0	0				
2025-09-19 06:44:40	9024	104	0	0	0	0	1	652464	641	2381	0	0	0				
2025-09-19 06:45:40	9024	104	0	0	0	0	0	652464	641	2381	0	0	0				
2025-09-19 06:46:40	9024	104	0	0	0	0	0	652464	641	2381	0	0	0				
2025-09-19 06:47:40	9024	104	0	0	0	0	0	652468	641	2381	0	0	0				
2025-09-19 06:48:40	9024	104	0	0	0	0	0	652472	641	2381	0	0	0				
2025-09-19 06:49:40	9024	104	0	0	0	0	0	652472	641	2381	0	0	0				
2025-09-19 06:50:40	9024	104	0	0	0	0	0	652476	641	2381	0	0	0				
2025-09-19 06:51:40	9024	104	0	0	0	0	0	652476	641	2381	0	0	0				
2025-09-19 06:52:40	9024	104	0	0	0	0	0	652476	641	2381	0	0	0				
2025-09-19 06:53:40	9024	104	0	0	0	0	1	652476	641	2381	0	0	0				
2025-09-19 06:54:40	9024	104	0	0	0	0	0	652476	641	2381	0	0	0				
2025-09-19 06:55:40	9024	104	0	0	0	0	0	652476	641	2381	0	0	0				
2025-09-19 06:56:40	9024	104	0	0	0	0	0	652456	641	2381	0	0	0				
2025-09-19 06:57:40	9024	104	0	0	0	0	0	652464	641	2381	0	0	0				
2025-09-19 06:58:40	9024	104	0	0	0	0	0	652464	641	2381	0	0	0				
2025-09-19 06:59:40	9024	104	0	0	0	0	0	652472	641	2381	0	0	0				
