2025-09-24 05:00:52	11132	104	0	0	0	0	0	72144	199704	1488887	0	0	0				
2025-09-24 05:01:52	11132	104	0	0	0	0	0	72084	199704	1488887	0	0	0				
2025-09-24 05:02:52	11132	104	0	0	0	0	0	72096	199704	1488887	0	0	0				
2025-09-24 05:03:52	11132	104	0	0	0	0	0	72100	199704	1488887	0	0	0				
2025-09-24 05:04:52	11132	104	0	0	0	0	0	72100	199704	1488887	0	0	0				
2025-09-24 05:05:52	11132	104	0	0	0	0	0	72100	199704	1488887	0	0	0				
2025-09-24 05:06:52	11132	104	0	0	0	0	0	72100	199704	1488887	0	0	0				
2025-09-24 05:07:52	11132	104	0	0	0	0	0	72104	199704	1488887	0	0	0				
2025-09-24 05:08:52	11132	104	0	0	0	0	0	72108	199704	1488887	0	0	0				
2025-09-24 05:09:52	11132	104	0	0	0	0	0	72108	199704	1488887	0	0	0				
2025-09-24 05:10:52	11132	104	0	0	0	0	0	72108	199704	1488887	0	0	0				
2025-09-24 05:11:52	11132	104	0	0	0	0	0	72108	199704	1488887	0	0	0				
2025-09-24 05:12:52	11132	104	0	0	0	0	0	72108	199704	1488887	0	0	0				
2025-09-24 05:13:52	11132	104	0	0	0	0	0	72112	199704	1488887	0	0	0				
2025-09-24 05:14:52	11132	104	0	0	0	0	0	72092	199704	1488887	0	0	0				
2025-09-24 05:15:52	11132	104	0	0	0	0	0	72096	199704	1488887	0	0	0				
2025-09-24 05:16:53	11132	104	0	0	0	0	0	72096	199704	1488887	0	0	0				
2025-09-24 05:17:53	11132	104	0	0	0	0	0	72096	199704	1488887	0	0	0				
2025-09-24 05:18:53	11132	104	0	0	0	0	0	72100	199704	1488887	0	0	0				
2025-09-24 05:19:53	11132	104	0	0	0	0	0	72100	199704	1488887	0	0	0				
2025-09-24 05:20:53	11132	104	0	0	0	0	0	72104	199704	1488887	0	0	0				
2025-09-24 05:21:53	11132	104	0	0	0	0	0	72108	199704	1488887	0	0	0				
2025-09-24 05:22:53	11132	104	0	0	0	0	0	72108	199704	1488887	0	0	0				
2025-09-24 05:23:53	11132	104	0	0	0	0	0	72108	199704	1488887	0	0	0				
2025-09-24 05:24:53	11132	104	0	0	0	0	0	72108	199704	1488887	0	0	0				
2025-09-24 05:25:53	11132	104	0	0	0	0	0	72112	199704	1488887	0	0	0				
2025-09-24 05:26:53	11132	104	0	0	0	0	0	72112	199704	1488887	0	0	0				
2025-09-24 05:27:53	11132	104	0	0	0	0	0	72112	199704	1488887	0	0	0				
2025-09-24 05:28:53	11132	104	0	0	0	0	0	72112	199704	1488887	0	0	0				
2025-09-24 05:29:53	11132	104	0	0	0	0	0	72092	199704	1488887	0	0	0				
2025-09-24 05:30:53	11132	104	0	0	0	0	0	72104	199704	1488887	0	0	0				
2025-09-24 05:31:53	11132	104	0	0	0	0	0	72108	199704	1488887	0	0	0				
2025-09-24 05:32:53	11132	104	0	0	0	0	0	72112	199704	1488887	0	0	0				
2025-09-24 05:33:53	11132	104	0	0	0	0	0	72120	199704	1488887	0	0	0				
2025-09-24 05:34:53	11132	104	0	0	0	0	0	72120	199704	1488887	0	0	0				
2025-09-24 05:35:53	11132	104	0	0	0	0	0	72124	199704	1488887	0	0	0				
2025-09-24 05:36:53	11132	104	0	0	0	0	0	72124	199704	1488887	0	0	0				
2025-09-24 05:37:53	11132	104	0	0	0	0	0	72124	199704	1488887	0	0	0				
2025-09-24 05:38:53	11132	104	0	0	0	0	0	72124	199704	1488887	0	0	0				
2025-09-24 05:39:53	11132	104	0	0	0	0	0	72124	199704	1488887	0	0	0				
2025-09-24 05:40:53	11132	104	0	0	0	0	0	72124	199704	1488887	0	0	0				
2025-09-24 05:41:53	11132	104	0	0	0	0	0	72124	199704	1488887	0	0	0				
2025-09-24 05:42:53	11132	104	0	0	0	0	0	72124	199704	1488887	0	0	0				
2025-09-24 05:43:53	11132	104	0	0	0	0	0	72124	199704	1488887	0	0	0				
2025-09-24 05:44:53	11132	104	0	0	0	0	0	72104	199704	1488887	0	0	0				
2025-09-24 05:45:53	11132	104	0	0	0	0	0	72116	199704	1488887	0	0	0				
2025-09-24 05:46:53	11132	104	0	0	0	0	0	72116	199704	1488887	0	0	0				
2025-09-24 05:47:53	11132	104	0	0	0	0	0	72120	199704	1488887	0	0	0				
2025-09-24 05:48:53	11132	104	0	0	0	0	0	72120	199704	1488887	0	0	0				
2025-09-24 05:49:53	11132	104	0	0	0	0	0	72120	199704	1488887	0	0	0				
2025-09-24 05:50:53	11132	104	0	0	0	0	0	72120	199704	1488887	0	0	0				
2025-09-24 05:51:53	11132	104	0	0	0	0	0	72120	199704	1488887	0	0	0				
2025-09-24 05:52:53	11132	104	0	0	0	0	0	72124	199704	1488887	0	0	0				
2025-09-24 05:53:53	11132	104	0	0	0	0	0	72124	199704	1488887	0	0	0				
2025-09-24 05:54:53	11132	104	0	0	0	0	0	72128	199704	1488887	0	0	0				
2025-09-24 05:55:53	11132	104	0	0	0	0	0	72132	199704	1488887	0	0	0				
2025-09-24 05:56:53	11132	104	0	0	0	0	0	72132	199704	1488887	0	0	0				
2025-09-24 05:57:53	11132	104	0	0	0	0	0	72136	199704	1488887	0	0	0				
2025-09-24 05:58:53	11132	104	0	0	0	0	0	72136	199704	1488887	0	0	0				
2025-09-24 05:59:53	11132	104	0	0	0	0	0	72116	199704	1488887	0	0	0				
