2025-09-25 21:00:21	1848	104	0	0	0	0	0	1241460	5688	179788	0	0	0				
2025-09-25 21:01:21	1848	104	0	0	0	0	0	1241468	5688	179788	0	0	0				
2025-09-25 21:02:21	1848	104	0	0	0	0	0	1241468	5688	179788	0	0	0				
2025-09-25 21:03:21	1848	104	0	0	0	0	0	1241468	5688	179788	0	0	0				
2025-09-25 21:04:21	1848	104	0	0	0	0	0	1241440	5688	179788	0	0	0				
2025-09-25 21:05:21	1848	104	0	0	0	0	0	1241448	5688	179788	0	0	0				
2025-09-25 21:06:21	1848	104	0	0	0	0	0	1241456	5688	179788	0	0	0				
2025-09-25 21:07:21	1848	104	0	0	0	0	0	1241456	5688	179788	0	0	0				
2025-09-25 21:08:21	1848	104	0	0	0	0	0	1241456	5688	179788	0	0	0				
2025-09-25 21:09:21	1848	104	0	0	0	0	0	1241460	5688	179788	0	0	0				
2025-09-25 21:10:21	1848	104	0	0	0	0	0	1241460	5688	179788	0	0	0				
2025-09-25 21:11:21	1848	104	0	0	0	0	0	1241464	5688	179788	0	0	0				
2025-09-25 21:12:21	1848	104	0	0	0	0	0	1241464	5688	179788	0	0	0				
2025-09-25 21:13:21	1848	104	0	0	0	0	0	1241464	5688	179788	0	0	0				
2025-09-25 21:14:21	1848	104	0	0	0	0	0	1241464	5688	179788	0	0	0				
2025-09-25 21:15:21	1848	104	0	0	0	0	0	1241464	5688	179788	0	0	0				
2025-09-25 21:16:21	1848	104	0	0	0	0	0	1241464	5688	179788	0	0	0				
2025-09-25 21:17:21	1848	104	0	0	0	0	0	1241464	5688	179788	0	0	0				
2025-09-25 21:18:21	1848	104	0	0	0	0	0	1241464	5688	179788	0	0	0				
2025-09-25 21:19:21	1848	104	0	0	0	0	0	1241444	5688	179788	0	0	0				
2025-09-25 21:20:21	1848	104	0	0	0	0	0	1241452	5688	179788	0	0	0				
2025-09-25 21:21:21	1848	104	0	0	0	0	0	1241452	5688	179788	0	0	0				
2025-09-25 21:22:21	1848	104	0	0	0	0	0	1241452	5688	179788	0	0	0				
2025-09-25 21:23:21	1848	104	0	0	0	0	0	1241456	5688	179788	0	0	0				
2025-09-25 21:24:21	1848	104	0	0	0	0	0	1241460	5688	179788	0	0	0				
2025-09-25 21:25:21	1848	104	0	0	0	0	0	1241460	5688	179788	0	0	0				
2025-09-25 21:26:21	1848	104	0	0	0	0	0	1241464	5688	179788	0	0	0				
2025-09-25 21:27:21	1848	104	0	0	0	0	0	1241464	5688	179788	0	0	0				
2025-09-25 21:28:21	1848	104	0	0	0	0	0	1241468	5688	179788	0	0	0				
2025-09-25 21:29:21	1848	104	0	0	0	0	0	859412	5688	179788	0	0	0				
2025-09-25 21:30:21	1848	104	0	0	0	0	0	859412	5688	179788	0	0	0				
2025-09-25 21:31:21	1848	104	0	0	0	0	0	859412	5688	179788	0	0	0				
2025-09-25 21:32:21	1848	104	0	0	0	0	0	859412	5688	179788	0	0	0				
2025-09-25 21:33:21	1848	104	0	0	0	0	0	859412	5688	179788	0	0	0				
2025-09-25 21:34:21	1848	104	0	0	0	0	0	859412	5688	179788	0	0	0				
2025-09-25 21:35:21	1848	104	0	0	0	0	0	859412	5688	179788	0	0	0				
2025-09-25 21:36:21	1848	104	0	0	0	0	0	859412	5688	179788	0	0	0				
2025-09-25 21:37:21	1848	104	0	0	0	0	0	859412	5688	179788	0	0	0				
2025-09-25 21:38:21	1848	104	0	0	0	0	0	859412	5688	179788	0	0	0				
2025-09-25 21:39:21	1848	104	0	0	0	0	0	859412	5688	179788	0	0	0				
2025-09-25 21:40:21	1848	104	0	0	0	0	0	859412	5688	179788	0	0	0				
2025-09-25 21:41:21	1848	104	0	0	0	0	0	859412	5688	179788	0	0	0				
2025-09-25 21:42:21	1848	104	0	0	0	0	0	859412	5688	179788	0	0	0				
2025-09-25 21:43:21	1848	104	0	0	0	0	0	859412	5688	179788	0	0	0				
2025-09-25 21:44:21	1848	104	0	0	0	0	0	70284	5688	179788	0	0	0				
2025-09-25 21:45:21	1848	104	0	0	0	0	0	70292	5688	179788	0	0	0				
2025-09-25 21:46:21	1848	104	0	0	0	0	0	70296	5688	179788	0	0	0				
2025-09-25 21:47:22	1848	104	0	0	0	0	0	70304	5688	179788	0	0	0				
2025-09-25 21:48:22	1848	104	0	0	0	0	0	70304	5688	179788	0	0	0				
2025-09-25 21:49:22	1848	104	0	0	0	0	0	70284	5688	179788	0	0	0				
2025-09-25 21:50:22	1848	104	0	0	0	0	0	70324	5688	179788	0	0	0				
2025-09-25 21:51:22	1848	104	0	0	0	0	0	70344	5688	179788	0	0	0				
2025-09-25 21:52:22	1848	104	0	0	0	0	0	70344	5688	179788	0	0	0				
2025-09-25 21:53:22	1848	104	0	0	0	0	0	70356	5688	179788	0	0	0				
2025-09-25 21:54:22	1848	104	0	0	0	0	0	70360	5688	179788	0	0	0				
2025-09-25 21:55:22	1848	104	0	0	0	0	0	70368	5688	179788	0	0	0				
2025-09-25 21:56:22	1848	104	0	0	0	0	0	70380	5688	179788	0	0	0				
2025-09-25 21:57:22	1848	104	0	0	0	0	0	70392	5688	179788	0	0	0				
2025-09-25 21:58:22	1848	104	0	0	0	0	0	70400	5688	179788	0	0	0				
2025-09-25 21:59:22	1848	104	0	0	0	0	0	70408	5688	179788	0	0	0				
