2025-09-26 03:00:24	1848	104	0	0	0	0	0	74244	5715	179788	0	0	0				
2025-09-26 03:01:24	1848	104	0	0	0	0	0	74252	5715	179788	0	0	0				
2025-09-26 03:02:24	1848	104	0	0	0	0	0	74260	5715	179788	0	0	0				
2025-09-26 03:03:24	1848	104	0	0	0	0	0	74260	5715	179788	0	0	0				
2025-09-26 03:04:24	1848	104	0	0	0	0	0	74260	5715	179788	0	0	0				
2025-09-26 03:05:24	1848	104	0	0	0	0	0	74260	5715	179788	0	0	0				
2025-09-26 03:06:24	1848	104	0	0	0	0	0	74272	5715	179788	0	0	0				
2025-09-26 03:07:24	1848	104	0	0	0	0	0	74272	5715	179788	0	0	0				
2025-09-26 03:08:24	1848	104	0	0	0	0	0	74256	5715	179788	0	0	0				
2025-09-26 03:09:24	1848	104	0	0	0	0	0	74260	5715	179788	0	0	0				
2025-09-26 03:10:25	1848	104	0	0	0	0	0	74264	5715	179788	0	0	0				
2025-09-26 03:11:25	1848	104	0	0	0	0	0	74268	5715	179788	0	0	0				
2025-09-26 03:12:25	1848	104	0	0	0	0	0	74272	5715	179788	0	0	0				
2025-09-26 03:13:25	1848	104	0	0	0	0	0	74276	5715	179788	0	0	0				
2025-09-26 03:14:25	1848	104	0	0	0	0	0	74280	5715	179788	0	0	0				
2025-09-26 03:15:25	1848	104	0	0	0	0	0	74284	5715	179788	0	0	0				
2025-09-26 03:16:25	1848	104	0	0	0	0	0	74284	5715	179788	0	0	0				
2025-09-26 03:17:25	1848	104	0	0	0	0	0	74288	5715	179788	0	0	0				
2025-09-26 03:18:25	1848	104	0	0	0	0	0	74288	5715	179788	0	0	0				
2025-09-26 03:19:25	1848	104	0	0	0	0	0	74288	5715	179788	0	0	0				
2025-09-26 03:20:25	1848	104	0	0	0	0	0	74292	5715	179788	0	0	0				
2025-09-26 03:21:25	1848	104	0	0	0	0	0	74292	5715	179788	0	0	0				
2025-09-26 03:22:25	1848	104	0	0	0	0	0	74292	5715	179788	0	0	0				
2025-09-26 03:23:25	1848	104	0	0	0	0	0	74260	5715	179788	0	0	0				
2025-09-26 03:24:25	1848	104	0	0	0	0	0	74276	5715	179788	0	0	0				
2025-09-26 03:25:25	1848	104	0	0	0	0	0	74280	5715	179788	0	0	0				
2025-09-26 03:26:25	1848	104	0	0	0	0	0	74280	5715	179788	0	0	0				
2025-09-26 03:27:25	1848	104	0	0	0	0	0	74284	5715	179788	0	0	0				
2025-09-26 03:28:25	1848	104	0	0	0	0	0	74284	5715	179788	0	0	0				
2025-09-26 03:29:25	1848	104	0	0	0	0	0	74288	5715	179788	0	0	0				
2025-09-26 03:30:25	1848	104	0	0	0	0	0	74288	5715	179788	0	0	0				
2025-09-26 03:31:25	1848	104	0	0	0	0	0	74288	5715	179788	0	0	0				
2025-09-26 03:32:25	1848	104	0	0	0	0	0	74292	5715	179788	0	0	0				
2025-09-26 03:33:25	1848	104	0	0	0	0	0	74292	5715	179788	0	0	0				
2025-09-26 03:34:25	1848	104	0	0	0	0	0	74296	5715	179788	0	0	0				
2025-09-26 03:35:25	1848	104	0	0	0	0	0	74296	5715	179788	0	0	0				
2025-09-26 03:36:25	1848	104	0	0	0	0	0	74296	5715	179788	0	0	0				
2025-09-26 03:37:25	1848	104	0	0	0	0	0	74296	5715	179788	0	0	0				
2025-09-26 03:38:25	1848	104	0	0	0	0	0	74272	5715	179788	0	0	0				
2025-09-26 03:39:25	1848	104	0	0	0	0	0	74280	5715	179788	0	0	0				
2025-09-26 03:40:25	1848	104	0	0	0	0	0	74284	5715	179788	0	0	0				
2025-09-26 03:41:25	1848	104	0	0	0	0	0	74288	5715	179788	0	0	0				
2025-09-26 03:42:25	1848	104	0	0	0	0	0	74288	5715	179788	0	0	0				
2025-09-26 03:43:25	1848	104	0	0	0	0	0	74296	5715	179788	0	0	0				
2025-09-26 03:44:25	1848	104	0	0	0	0	0	74296	5715	179788	0	0	0				
2025-09-26 03:45:25	1848	104	0	0	0	0	0	74312	5715	179788	0	0	0				
2025-09-26 03:46:25	1848	104	0	0	0	0	0	74312	5715	179788	0	0	0				
2025-09-26 03:47:25	1848	104	0	0	0	0	0	74312	5715	179788	0	0	0				
2025-09-26 03:48:25	1848	104	0	0	0	0	0	74312	5715	179788	0	0	0				
2025-09-26 03:49:25	1848	104	0	0	0	0	0	74312	5715	179788	0	0	0				
2025-09-26 03:50:25	1848	104	0	0	0	0	0	74312	5715	179788	0	0	0				
2025-09-26 03:51:25	1848	104	0	0	0	0	0	74312	5715	179788	0	0	0				
2025-09-26 03:52:25	1848	104	0	0	0	0	0	74312	5715	179788	0	0	0				
2025-09-26 03:53:25	1848	104	0	0	0	0	0	74312	5715	179788	0	0	0				
2025-09-26 03:54:25	1848	104	0	0	0	0	0	74312	5715	179788	0	0	0				
2025-09-26 03:55:25	1848	104	0	0	0	0	0	74312	5715	179788	0	0	0				
2025-09-26 03:56:25	1848	104	0	0	0	0	0	74312	5715	179788	0	0	0				
2025-09-26 03:57:25	1848	104	0	0	0	0	0	74312	5715	179788	0	0	0				
2025-09-26 03:58:25	1848	104	0	0	0	0	0	74312	5715	179788	0	0	0				
2025-09-26 03:59:25	1848	104	0	0	0	0	0	74284	5715	179788	0	0	0				
