2025-09-25 23:00:22	1848	104	0	0	0	0	0	69220	5715	179788	0	0	0				
2025-09-25 23:01:22	1848	104	0	0	0	0	0	69228	5715	179788	0	0	0				
2025-09-25 23:02:22	1848	104	0	0	0	0	0	69228	5715	179788	0	0	0				
2025-09-25 23:03:22	1848	104	0	0	0	0	0	69228	5715	179788	0	0	0				
2025-09-25 23:04:22	1848	104	0	0	0	0	0	69232	5715	179788	0	0	0				
2025-09-25 23:05:22	1848	104	0	0	0	0	0	68300	5715	179788	0	0	0				
2025-09-25 23:06:22	1848	104	0	0	0	0	0	68344	5715	179788	0	0	0				
2025-09-25 23:07:22	1848	104	0	0	0	0	0	68352	5715	179788	0	0	0				
2025-09-25 23:08:22	1848	104	0	0	0	0	0	68352	5715	179788	0	0	0				
2025-09-25 23:09:22	1848	104	0	0	0	0	0	68356	5715	179788	0	0	0				
2025-09-25 23:10:22	1848	104	0	0	0	0	0	68364	5715	179788	0	0	0				
2025-09-25 23:11:22	1848	104	0	0	0	0	0	68364	5715	179788	0	0	0				
2025-09-25 23:12:22	1848	104	0	0	0	0	1	68368	5715	179788	0	0	0				
2025-09-25 23:13:22	1848	104	0	0	0	0	0	68372	5715	179788	0	0	0				
2025-09-25 23:14:22	1848	104	0	0	0	0	0	68384	5715	179788	0	0	0				
2025-09-25 23:15:22	1848	104	0	0	0	0	0	68384	5715	179788	0	0	0				
2025-09-25 23:16:22	1848	104	0	0	0	0	0	68388	5715	179788	0	0	0				
2025-09-25 23:17:22	1848	104	0	0	0	0	0	68388	5715	179788	0	0	0				
2025-09-25 23:18:22	1848	104	0	0	0	0	0	68392	5715	179788	0	0	0				
2025-09-25 23:19:22	1848	104	0	0	0	0	0	68392	5715	179788	0	0	0				
2025-09-25 23:20:22	1848	104	0	0	0	0	0	68392	5715	179788	0	0	0				
2025-09-25 23:21:22	1848	104	0	0	0	0	0	68392	5715	179788	0	0	0				
2025-09-25 23:22:22	1848	104	0	0	0	0	0	68392	5715	179788	0	0	0				
2025-09-25 23:23:22	1848	104	0	0	0	0	0	68360	5715	179788	0	0	0				
2025-09-25 23:24:22	1848	104	0	0	0	0	0	68388	5715	179788	0	0	0				
2025-09-25 23:25:22	1848	104	0	0	0	0	0	68388	5715	179788	0	0	0				
2025-09-25 23:26:22	1848	104	0	0	0	0	0	68812	5715	179788	0	0	0				
2025-09-25 23:27:23	1848	104	0	0	0	0	0	69080	5715	179788	0	0	0				
2025-09-25 23:28:23	1848	104	0	0	0	0	0	69344	5715	179788	0	0	0				
2025-09-25 23:29:23	1848	104	0	0	0	0	0	69516	5715	179788	0	0	0				
2025-09-25 23:30:23	1848	104	0	0	0	0	0	69684	5715	179788	0	0	0				
2025-09-25 23:31:23	1848	104	0	0	0	0	0	69880	5715	179788	0	0	0				
2025-09-25 23:32:23	1848	104	0	0	0	0	0	70020	5715	179788	0	0	0				
2025-09-25 23:33:23	1848	104	0	0	0	0	0	70092	5715	179788	0	0	0				
2025-09-25 23:34:23	1848	104	0	0	0	0	0	70184	5715	179788	0	0	0				
2025-09-25 23:35:23	1848	104	0	0	0	0	0	70268	5715	179788	0	0	0				
2025-09-25 23:36:23	1848	104	0	0	0	0	0	70360	5715	179788	0	0	0				
2025-09-25 23:37:23	1848	104	0	0	0	0	0	70444	5715	179788	0	0	0				
2025-09-25 23:38:23	1848	104	0	0	0	0	0	70544	5715	179788	0	0	0				
2025-09-25 23:39:23	1848	104	0	0	0	0	0	70664	5715	179788	0	0	0				
2025-09-25 23:40:23	1848	104	0	0	0	0	0	70716	5715	179788	0	0	0				
2025-09-25 23:41:23	1848	104	0	0	0	0	0	70780	5715	179788	0	0	0				
2025-09-25 23:42:23	1848	104	0	0	0	0	1	70816	5715	179788	0	0	0				
2025-09-25 23:43:23	1848	104	0	0	0	0	1	70864	5715	179788	0	0	0				
2025-09-25 23:44:23	1848	104	0	0	0	0	0	70940	5715	179788	0	0	0				
2025-09-25 23:45:23	1848	104	0	0	0	0	0	70988	5715	179788	0	0	0				
2025-09-25 23:46:23	1848	104	0	0	0	0	0	71024	5715	179788	0	0	0				
2025-09-25 23:47:23	1848	104	0	0	0	0	0	71060	5715	179788	0	0	0				
2025-09-25 23:48:23	1848	104	0	0	0	0	0	71124	5715	179788	0	0	0				
2025-09-25 23:49:23	1848	104	0	0	0	0	0	71172	5715	179788	0	0	0				
2025-09-25 23:50:23	1848	104	0	0	0	0	0	71212	5715	179788	0	0	0				
2025-09-25 23:51:23	1848	104	0	0	0	0	0	71264	5715	179788	0	0	0				
2025-09-25 23:52:23	1848	104	0	0	0	0	0	71324	5715	179788	0	0	0				
2025-09-25 23:53:23	1848	104	0	0	0	0	0	71360	5715	179788	0	0	0				
2025-09-25 23:54:23	1848	104	0	0	0	0	0	71424	5715	179788	0	0	0				
2025-09-25 23:55:23	1848	104	0	0	0	0	0	71492	5715	179788	0	0	0				
2025-09-25 23:56:23	1848	104	0	0	0	0	0	71528	5715	179788	0	0	0				
2025-09-25 23:57:23	1848	104	0	0	0	0	0	71572	5715	179788	0	0	0				
2025-09-25 23:58:23	1848	104	0	0	0	0	0	71596	5715	179788	0	0	0				
2025-09-25 23:59:23	1848	104	0	0	0	0	0	71620	5715	179788	0	0	0				
