2025-09-24 01:00:50	11132	104	0	0	0	0	0	67588	199704	1488887	0	0	0				
2025-09-24 01:01:50	11132	104	0	0	0	0	0	67680	199704	1488887	0	0	0				
2025-09-24 01:02:50	11132	104	0	0	0	0	0	67760	199704	1488887	0	0	0				
2025-09-24 01:03:50	11132	104	0	0	0	0	0	67872	199704	1488887	0	0	0				
2025-09-24 01:04:50	11132	104	0	0	0	0	0	67948	199704	1488887	0	0	0				
2025-09-24 01:05:50	11132	104	0	0	0	0	0	67972	199704	1488887	0	0	0				
2025-09-24 01:06:50	11132	104	0	0	0	0	0	68076	199704	1488887	0	0	0				
2025-09-24 01:07:50	11132	104	0	0	0	0	0	68144	199704	1488887	0	0	0				
2025-09-24 01:08:50	11132	104	0	0	0	0	0	68236	199704	1488887	0	0	0				
2025-09-24 01:09:50	11132	104	0	0	0	0	0	68276	199704	1488887	0	0	0				
2025-09-24 01:10:50	11132	104	0	0	0	0	0	68296	199704	1488887	0	0	0				
2025-09-24 01:11:50	11132	104	0	0	0	0	0	68360	199704	1488887	0	0	0				
2025-09-24 01:12:50	11132	104	0	0	0	0	0	68400	199704	1488887	0	0	0				
2025-09-24 01:13:50	11132	104	0	0	0	0	0	68448	199704	1488887	0	0	0				
2025-09-24 01:14:50	11132	104	0	0	0	0	0	68492	199704	1488887	0	0	0				
2025-09-24 01:15:50	11132	104	0	0	0	0	1	68484	199704	1488887	0	0	0				
2025-09-24 01:16:50	11132	104	0	0	0	0	0	68400	199704	1488887	0	0	0				
2025-09-24 01:17:50	11132	104	0	0	0	0	0	68480	199704	1488887	0	0	0				
2025-09-24 01:18:50	11132	104	0	0	0	0	0	68528	199704	1488887	0	0	0				
2025-09-24 01:19:50	11132	104	0	0	0	0	0	68552	199704	1488887	0	0	0				
2025-09-24 01:20:50	11132	104	0	0	0	0	0	68468	199704	1488887	0	0	0				
2025-09-24 01:21:50	11132	104	0	0	0	0	0	68500	199704	1488887	0	0	0				
2025-09-24 01:22:50	11132	104	0	0	0	0	0	68524	199704	1488887	0	0	0				
2025-09-24 01:23:50	11132	104	0	0	0	0	0	68600	199704	1488887	0	0	0				
2025-09-24 01:24:50	11132	104	0	0	0	0	0	68628	199704	1488887	0	0	0				
2025-09-24 01:25:50	11132	104	0	0	0	0	1	68664	199704	1488887	0	0	0				
2025-09-24 01:26:50	11132	104	0	0	0	0	0	68692	199704	1488887	0	0	0				
2025-09-24 01:27:50	11132	104	0	0	0	0	0	68728	199704	1488887	0	0	0				
2025-09-24 01:28:50	11132	104	0	0	0	0	0	68752	199704	1488887	0	0	0				
2025-09-24 01:29:50	11132	104	0	0	0	0	1	68772	199704	1488887	0	0	0				
2025-09-24 01:30:50	11132	104	0	0	0	0	0	68804	199704	1488887	0	0	0				
2025-09-24 01:31:50	11132	104	0	0	0	0	0	68840	199704	1488887	0	0	0				
2025-09-24 01:32:50	11132	104	0	0	0	0	0	68856	199704	1488887	0	0	0				
2025-09-24 01:33:50	11132	104	0	0	0	0	0	68876	199704	1488887	0	0	0				
2025-09-24 01:34:50	11132	104	0	0	0	0	1	68896	199704	1488887	0	0	0				
2025-09-24 01:35:50	11132	104	0	0	0	0	0	68928	199704	1488887	0	0	0				
2025-09-24 01:36:50	11132	104	0	0	0	0	0	68892	199704	1488887	0	0	0				
2025-09-24 01:37:50	11132	104	0	0	0	0	0	68932	199704	1488887	0	0	0				
2025-09-24 01:38:51	11132	104	0	0	0	0	0	68944	199704	1488887	0	0	0				
2025-09-24 01:39:51	11132	104	0	0	0	0	0	68976	199704	1488887	0	0	0				
2025-09-24 01:40:51	11132	104	0	0	0	0	0	68996	199704	1488887	0	0	0				
2025-09-24 01:41:51	11132	104	0	0	0	0	0	68732	199704	1488887	0	0	0				
2025-09-24 01:42:51	11132	104	0	0	0	0	0	68748	199704	1488887	0	0	0				
2025-09-24 01:43:51	11132	104	0	0	0	0	0	68776	199704	1488887	0	0	0				
2025-09-24 01:44:51	11132	104	0	0	0	0	0	68800	199704	1488887	0	0	0				
2025-09-24 01:45:51	11132	104	0	0	0	0	0	68832	199704	1488887	0	0	0				
2025-09-24 01:46:51	11132	104	0	0	0	0	0	68668	199704	1488887	0	0	0				
2025-09-24 01:47:51	11132	104	0	0	0	0	0	68676	199704	1488887	0	0	0				
2025-09-24 01:48:51	11132	104	0	0	0	0	0	68680	199704	1488887	0	0	0				
2025-09-24 01:49:51	11132	104	0	0	0	0	0	68736	199704	1488887	0	0	0				
2025-09-24 01:50:51	11132	104	0	0	0	0	0	68772	199704	1488887	0	0	0				
2025-09-24 01:51:51	11132	104	0	0	0	0	0	68652	199704	1488887	0	0	0				
2025-09-24 01:52:51	11132	104	0	0	0	0	0	68680	199704	1488887	0	0	0				
2025-09-24 01:53:51	11132	104	0	0	0	0	0	68740	199704	1488887	0	0	0				
2025-09-24 01:54:51	11132	104	0	0	0	0	0	68780	199704	1488887	0	0	0				
2025-09-24 01:55:51	11132	104	0	0	0	0	0	68808	199704	1488887	0	0	0				
2025-09-24 01:56:51	11132	104	0	0	0	0	0	68820	199704	1488887	0	0	0				
2025-09-24 01:57:51	11132	104	0	0	0	0	0	68848	199704	1488887	0	0	0				
2025-09-24 01:58:51	11132	104	0	0	0	0	0	68852	199704	1488887	0	0	0				
2025-09-24 01:59:51	11132	104	0	0	0	0	0	68880	199704	1488887	0	0	0				
