2025-09-28 22:03:42	12904	101	0	0	0	12904	0	0	0	0	0	0	0			Main	KitekatGS
2025-09-28 22:03:42	12904	102	0	0	0	0	0	0	0	0	0	0	0				START
2025-09-28 22:03:42	11904	101	0	0	0	11904	0	0	0	0	0	0	0			Scheduler 01	KitekatGS
2025-09-28 22:03:42	11904	104	0	0	0	0	0	11712	0	0	0	0	0				
2025-09-28 22:03:52	11904	3600	0	0	4	1759122232	4105152000	4105152000	0	0	0	0	0				
2025-09-28 22:03:56	9676	101	0	0	0	9676	0	0	0	0	0	0	0			IOCP 02	KitekatGS
2025-09-28 22:03:56	9676	110	1	0	0	0	0	0	0	0	0	0	0	fraun	2C-F0-5D-E0-C8-8C|Windows  (6.2.9200)|NVIDIA GeForce RTX 4060Drv Version : 32767.65535.65535.65535	192.168.122.1	
2025-09-28 22:03:57	11952	101	0	0	0	11952	0	0	0	0	0	0	0				KitekatGS
2025-09-28 22:03:57	11952	2101	1	1	0	0	0	297638	4080433412	0	153734	76648	0	fraun	Fraun		
2025-09-28 22:03:57	11952	2103	1	1	300	105	1349000	320	4080433412	0	0	0	272233208401492000	fraun	Fraun		
2025-09-28 22:04:05	14848	101	0	0	0	14848	0	0	0	0	0	0	0			IOCP 03	KitekatGS
2025-09-28 22:04:05	14848	2201	1	1	100	0	0	0	0	0	0	0	0	fraun	Fraun		/run globalcheck()
2025-09-28 22:04:05	14848	2201	1	1	100	0	0	0	0	0	0	0	0	fraun	Fraun		/run globalcheck()
2025-09-28 22:04:42	11904	104	0	0	0	1	0	1409912	1548	43680	0	0	0				
2025-09-28 22:05:42	11904	104	0	0	0	1	0	1411644	1889	43806	0	0	0				
2025-09-28 22:06:42	11904	104	0	0	0	1	0	1411876	2227	43932	0	0	0				
2025-09-28 22:07:42	11904	104	0	0	0	1	0	1411908	2559	44058	0	0	0				
2025-09-28 22:08:42	11904	104	0	0	0	1	0	1411908	2876	44184	0	0	0				
2025-09-28 22:09:26	12904	102	0	0	0	0	0	0	0	0	0	0	0				END
2025-09-28 22:10:03	9432	101	0	0	0	9432	0	0	0	0	0	0	0			Main	KitekatGS
2025-09-28 22:10:03	9432	102	0	0	0	0	0	0	0	0	0	0	0				START
2025-09-28 22:10:04	9860	101	0	0	0	9860	0	0	0	0	0	0	0			Scheduler 01	KitekatGS
2025-09-28 22:10:04	9860	104	0	0	0	0	0	9424	0	0	0	0	0				
2025-09-28 22:10:15	15032	101	0	0	0	15032	0	0	0	0	0	0	0			Scheduler 02	KitekatGS
2025-09-28 22:10:15	15032	3600	0	0	4	1759122615	4105152000	4105152000	0	0	0	0	0				
2025-09-28 22:11:04	9860	104	0	0	0	0	0	1388048	9	307	0	0	0				
2025-09-28 22:11:17	17760	101	0	0	0	17760	0	0	0	0	0	0	0			Main	KitekatGS
2025-09-28 22:11:17	17760	102	0	0	0	0	0	0	0	0	0	0	0				START
2025-09-28 22:11:17	17668	101	0	0	0	17668	0	0	0	0	0	0	0			Scheduler 01	KitekatGS
2025-09-28 22:11:17	17668	104	0	0	0	0	0	12040	0	0	0	0	0				
2025-09-28 22:11:29	17668	3600	0	0	4	1759122689	4105152000	4105152000	0	0	0	0	0				
2025-09-28 22:11:50	13724	101	0	0	0	13724	0	0	0	0	0	0	0			Main	KitekatGS
2025-09-28 22:11:50	13724	102	0	0	0	0	0	0	0	0	0	0	0				START
2025-09-28 22:11:50	13560	101	0	0	0	13560	0	0	0	0	0	0	0			Scheduler 01	KitekatGS
2025-09-28 22:11:50	13560	104	0	0	0	0	0	11872	0	0	0	0	0				
2025-09-28 22:12:54	13560	104	0	0	0	0	26	749116	0	0	0	0	0				
2025-09-28 22:16:22	13560	104	0	0	0	0	26	749116	0	0	0	0	0				
2025-09-28 22:16:46	15568	101	0	0	0	15568	0	0	0	0	0	0	0			Scheduler 02	KitekatGS
2025-09-28 22:16:46	15568	3600	0	0	4	1759123006	4105152000	4105152000	0	0	0	0	0				
2025-09-28 22:17:03	7380	101	0	0	0	7380	0	0	0	0	0	0	0			Main	KitekatGS
2025-09-28 22:17:03	7380	102	0	0	0	0	0	0	0	0	0	0	0				START
2025-09-28 22:17:03	648	101	0	0	0	648	0	0	0	0	0	0	0			Scheduler 01	KitekatGS
2025-09-28 22:17:03	648	104	0	0	0	0	0	11008	0	0	0	0	0				
2025-09-28 22:21:26	648	104	0	0	0	0	9	770256	0	0	0	0	0				
2025-09-28 22:21:27	10648	101	0	0	0	10648	0	0	0	0	0	0	0			Scheduler 02	KitekatGS
2025-09-28 22:21:27	10648	3600	0	0	4	1759123287	4105152000	4105152000	0	0	0	0	0				
2025-09-28 22:22:26	648	104	0	0	0	0	0	1391104	9	307	0	0	0				
2025-09-28 22:23:27	648	104	0	0	0	0	0	1391052	9	307	0	0	0				
2025-09-28 22:24:27	648	104	0	0	0	0	0	1391076	9	307	0	0	0				
2025-09-28 22:26:25	18564	101	0	0	0	18564	0	0	0	0	0	0	0			Main	KitekatGS
2025-09-28 22:26:25	18564	102	0	0	0	0	0	0	0	0	0	0	0				START
2025-09-28 22:26:25	4976	101	0	0	0	4976	0	0	0	0	0	0	0			Scheduler 01	KitekatGS
2025-09-28 22:26:25	4976	104	0	0	0	0	0	10652	0	0	0	0	0				
2025-09-28 22:27:26	4976	104	0	0	0	0	24	1621436	0	0	0	0	0				
2025-09-28 22:27:41	18692	101	0	0	0	18692	0	0	0	0	0	0	0			Scheduler 03	KitekatGS
2025-09-28 22:27:41	18692	3600	0	0	4	1759123661	4105152000	4105152000	0	0	0	0	0				
2025-09-28 22:28:26	4976	104	0	0	0	0	0	2292288	9	307	0	0	0				
2025-09-28 22:29:26	4976	104	0	0	0	0	0	2293696	9	307	0	0	0				
2025-09-28 22:30:26	4976	104	0	0	0	0	0	2293936	9	307	0	0	0				
2025-09-28 22:31:26	4976	104	0	0	0	0	0	2294032	9	307	0	0	0				
2025-09-28 22:31:37	16552	101	0	0	0	16552	0	0	0	0	0	0	0			IOCP 02	KitekatGS
2025-09-28 22:31:37	16552	110	1	0	0	0	0	0	0	0	0	0	0	fraun	2C-F0-5D-E0-C8-8C|Windows  (6.2.9200)|NVIDIA GeForce RTX 4060Drv Version : 32767.65535.65535.65535	192.168.122.1	
2025-09-28 22:31:38	6780	101	0	0	0	6780	0	0	0	0	0	0	0				KitekatGS
2025-09-28 22:31:38	6780	2101	1	1	0	0	0	303138	4080433412	0	153739	76679	0	fraun	Fraun		
2025-09-28 22:31:38	6780	2103	1	1	300	105	1349000	320	4080433412	0	0	0	272233208401492000	fraun	Fraun		
2025-09-28 22:32:26	4976	104	0	0	0	1	0	2308464	1313	43123	0	0	0				
2025-09-28 22:33:26	4976	104	0	0	0	1	0	2095112	1657	43249	0	0	0				
2025-09-28 22:34:26	4976	104	0	0	0	1	0	2095120	2032	43375	0	0	0				
2025-09-28 22:35:26	4976	104	0	0	0	1	0	2095136	2384	43501	0	0	0				
2025-09-28 22:36:26	4976	104	0	0	0	1	0	2126272	2747	43627	0	0	0				
2025-09-28 22:37:26	4976	104	0	0	0	1	0	2145268	3063	43768	0	0	0				
2025-09-28 22:38:26	4976	104	0	0	0	1	0	2145276	3421	43894	0	0	0				
2025-09-28 22:39:26	4976	104	0	0	0	1	0	2145276	3727	44020	0	0	0				
2025-09-28 22:40:26	4976	104	0	0	0	1	0	2145276	4089	44146	0	0	0				
2025-09-28 22:41:26	4976	104	0	0	0	1	0	2145276	4423	44272	0	0	0				
2025-09-28 22:42:26	4976	104	0	0	0	1	0	2145276	4804	44413	0	0	0				
2025-09-28 22:43:06	16552	2201	1	1	100	0	0	0	0	0	0	0	0	fraun	Fraun		/run notice(math.random(1,2))
2025-09-28 22:43:06	16552	2201	1	1	100	0	0	0	0	0	0	0	0	fraun	Fraun		/run notice(math.random(1,2))
2025-09-28 22:43:15	16552	2201	1	1	100	0	0	0	0	0	0	0	0	fraun	Fraun		/run refresh('script')
2025-09-28 22:43:15	16552	2201	1	1	100	0	0	0	0	0	0	0	0	fraun	Fraun		/run refresh('script')
2025-09-28 22:43:38	11960	101	0	0	0	11960	0	0	0	0	0	0	0			Main	KitekatGS
2025-09-28 22:43:38	11960	102	0	0	0	0	0	0	0	0	0	0	0				START
2025-09-28 22:43:38	18988	101	0	0	0	18988	0	0	0	0	0	0	0			Scheduler 01	KitekatGS
2025-09-28 22:43:38	18988	104	0	0	0	0	0	15816	0	0	0	0	0				
2025-09-28 22:48:34	18988	104	0	0	0	0	20	1595808	0	0	0	0	0				
2025-09-28 22:49:28	12120	101	0	0	0	12120	0	0	0	0	0	0	0			Scheduler 02	KitekatGS
2025-09-28 22:49:28	12120	3600	0	0	4	1759124968	4105152000	4105152000	0	0	0	0	0				
2025-09-28 22:49:34	18988	104	0	0	0	0	0	2295132	9	307	0	0	0				
2025-09-28 22:49:52	18876	101	0	0	0	18876	0	0	0	0	0	0	0			Main	KitekatGS
2025-09-28 22:49:52	18876	102	0	0	0	0	0	0	0	0	0	0	0				START
2025-09-28 22:49:52	12492	101	0	0	0	12492	0	0	0	0	0	0	0			Scheduler 01	KitekatGS
2025-09-28 22:49:52	12492	104	0	0	0	0	0	15948	0	0	0	0	0				
2025-09-28 22:52:02	12492	104	0	0	0	0	0	1634436	0	0	0	0	0				
2025-09-28 22:53:11	7924	101	0	0	0	7924	0	0	0	0	0	0	0			Main	KitekatGS
2025-09-28 22:53:11	7924	102	0	0	0	0	0	0	0	0	0	0	0				START
2025-09-28 22:53:11	16100	101	0	0	0	16100	0	0	0	0	0	0	0			Scheduler 01	KitekatGS
2025-09-28 22:53:11	16100	104	0	0	0	0	0	11276	0	0	0	0	0				
2025-09-28 22:53:49	17476	101	0	0	0	17476	0	0	0	0	0	0	0			Main	KitekatGS
2025-09-28 22:53:49	17476	102	0	0	0	0	0	0	0	0	0	0	0				START
2025-09-28 22:53:50	18720	101	0	0	0	18720	0	0	0	0	0	0	0			Scheduler 01	KitekatGS
2025-09-28 22:53:50	18720	104	0	0	0	0	0	11488	0	0	0	0	0				
