2025-09-19 19:49:02	12896	101	0	0	0	12896	0	0	0	0	0	0	0			Main	KitekatGS
2025-09-19 19:49:02	12896	102	0	0	0	0	0	0	0	0	0	0	0				START
2025-09-19 19:49:02	10988	101	0	0	0	10988	0	0	0	0	0	0	0			Scheduler 01	KitekatGS
2025-09-19 19:49:02	10988	104	0	0	0	0	0	11308	0	0	0	0	0				
2025-09-19 19:49:14	10976	101	0	0	0	10976	0	0	0	0	0	0	0			Scheduler 00	KitekatGS
2025-09-19 19:49:14	10976	3600	0	0	4	1758336554	4105152000	4105152000	0	0	0	0	0				
2025-09-19 19:50:02	10988	104	0	0	0	0	0	1393584	9	307	0	0	0				
2025-09-19 19:51:02	10988	104	0	0	0	0	0	1395368	9	307	0	0	0				
2025-09-19 19:52:02	10988	104	0	0	0	0	0	1395400	9	307	0	0	0				
2025-09-19 19:52:33	11220	101	0	0	0	11220	0	0	0	0	0	0	0			IOCP 01	KitekatGS
2025-09-19 19:52:33	11220	110	1	0	0	0	0	0	0	0	0	0	0	fraun	2C-F0-5D-E0-C8-8C|Windows  (6.2.9200)|NVIDIA GeForce RTX 4060Drv Version : 32767.65535.65535.65535	192.168.122.1	
2025-09-19 19:53:02	10988	104	0	0	0	0	0	1395588	641	2309	0	0	0				
2025-09-19 19:54:02	10988	104	0	0	0	0	0	1395600	641	2381	0	0	0				
2025-09-19 19:55:02	10988	104	0	0	0	0	0	1395644	641	2381	0	0	0				
2025-09-19 19:56:02	10988	104	0	0	0	0	0	1395608	641	2381	0	0	0				
2025-09-19 19:57:02	10988	104	0	0	0	0	0	1395608	641	2381	0	0	0				
2025-09-19 19:58:02	10988	104	0	0	0	0	0	1395608	641	2381	0	0	0				
2025-09-19 19:59:02	10988	104	0	0	0	0	0	1395608	641	2381	0	0	0				
