2025-09-28 20:56:06	11012	101	0	0	0	11012	0	0	0	0	0	0	0			Main	KitekatGS
2025-09-28 20:56:06	11012	102	0	0	0	0	0	0	0	0	0	0	0				START
2025-09-28 20:56:06	11740	101	0	0	0	11740	0	0	0	0	0	0	0			Scheduler 01	KitekatGS
2025-09-28 20:56:06	11740	104	0	0	0	0	0	11400	0	0	0	0	0				
2025-09-28 20:57:46	17256	101	0	0	0	17256	0	0	0	0	0	0	0			Main	KitekatGS
2025-09-28 20:57:46	17256	102	0	0	0	0	0	0	0	0	0	0	0				START
2025-09-28 20:57:46	4516	101	0	0	0	4516	0	0	0	0	0	0	0			Scheduler 01	KitekatGS
2025-09-28 20:57:46	4516	104	0	0	0	0	0	10860	0	0	0	0	0				
2025-09-28 20:59:17	15784	101	0	0	0	15784	0	0	0	0	0	0	0			Main	KitekatGS
2025-09-28 20:59:17	15784	102	0	0	0	0	0	0	0	0	0	0	0				START
2025-09-28 20:59:18	11000	101	0	0	0	11000	0	0	0	0	0	0	0			Scheduler 01	KitekatGS
2025-09-28 20:59:18	11000	104	0	0	0	0	0	10092	0	0	0	0	0				
