2025-09-18 23:00:36	9024	104	0	0	0	0	0	1395112	641	2381	0	0	0				
2025-09-18 23:01:36	9024	104	0	0	0	0	0	1395112	641	2381	0	0	0				
2025-09-18 23:02:36	9024	104	0	0	0	0	0	1395112	641	2381	0	0	0				
2025-09-18 23:03:36	9024	104	0	0	0	0	0	1395112	641	2381	0	0	0				
2025-09-18 23:04:36	9024	104	0	0	0	0	0	1395112	641	2381	0	0	0				
2025-09-18 23:05:36	9024	104	0	0	0	0	0	1395112	641	2381	0	0	0				
2025-09-18 23:06:36	9024	104	0	0	0	0	1	829868	641	2381	0	0	0				
2025-09-18 23:07:36	9024	104	0	0	0	0	0	829872	641	2381	0	0	0				
2025-09-18 23:08:36	9024	104	0	0	0	0	0	829876	641	2381	0	0	0				
2025-09-18 23:09:36	9024	104	0	0	0	0	0	829880	641	2381	0	0	0				
2025-09-18 23:10:36	9024	104	0	0	0	0	0	829880	641	2381	0	0	0				
2025-09-18 23:11:36	9024	104	0	0	0	0	0	829884	641	2381	0	0	0				
2025-09-18 23:12:36	9024	104	0	0	0	0	0	829884	641	2381	0	0	0				
2025-09-18 23:13:36	9024	104	0	0	0	0	0	829884	641	2381	0	0	0				
2025-09-18 23:14:36	9024	104	0	0	0	0	0	829888	641	2381	0	0	0				
2025-09-18 23:15:36	9024	104	0	0	0	0	1	829892	641	2381	0	0	0				
2025-09-18 23:16:36	9024	104	0	0	0	0	0	829892	641	2381	0	0	0				
2025-09-18 23:17:36	9024	104	0	0	0	0	0	829896	641	2381	0	0	0				
2025-09-18 23:18:36	9024	104	0	0	0	0	0	829904	641	2381	0	0	0				
2025-09-18 23:19:36	9024	104	0	0	0	0	0	829904	641	2381	0	0	0				
2025-09-18 23:20:36	9024	104	0	0	0	0	0	829912	641	2381	0	0	0				
2025-09-18 23:21:36	9024	104	0	0	0	0	0	829912	641	2381	0	0	0				
2025-09-18 23:22:36	9024	104	0	0	0	0	0	829920	641	2381	0	0	0				
2025-09-18 23:23:36	9024	104	0	0	0	0	1	829928	641	2381	0	0	0				
2025-09-18 23:24:36	9024	104	0	0	0	0	0	829928	641	2381	0	0	0				
2025-09-18 23:25:36	9024	104	0	0	0	0	0	649628	641	2381	0	0	0				
2025-09-18 23:26:36	9024	104	0	0	0	0	0	649648	641	2381	0	0	0				
2025-09-18 23:27:36	9024	104	0	0	0	0	0	649672	641	2381	0	0	0				
2025-09-18 23:28:36	9024	104	0	0	0	0	0	649676	641	2381	0	0	0				
2025-09-18 23:29:36	9024	104	0	0	0	0	0	649676	641	2381	0	0	0				
2025-09-18 23:30:36	9024	104	0	0	0	0	0	649692	641	2381	0	0	0				
2025-09-18 23:31:36	9024	104	0	0	0	0	0	649696	641	2381	0	0	0				
2025-09-18 23:32:36	9024	104	0	0	0	0	0	649696	641	2381	0	0	0				
2025-09-18 23:33:36	9024	104	0	0	0	0	0	649700	641	2381	0	0	0				
2025-09-18 23:34:36	9024	104	0	0	0	0	0	649704	641	2381	0	0	0				
2025-09-18 23:35:36	9024	104	0	0	0	0	0	649712	641	2381	0	0	0				
2025-09-18 23:36:36	9024	104	0	0	0	0	1	649712	641	2381	0	0	0				
2025-09-18 23:37:36	9024	104	0	0	0	0	0	649716	641	2381	0	0	0				
2025-09-18 23:38:36	9024	104	0	0	0	0	0	649716	641	2381	0	0	0				
2025-09-18 23:39:36	9024	104	0	0	0	0	0	649724	641	2381	0	0	0				
2025-09-18 23:40:36	9024	104	0	0	0	0	0	649696	641	2381	0	0	0				
2025-09-18 23:41:36	9024	104	0	0	0	0	0	649712	641	2381	0	0	0				
2025-09-18 23:42:36	9024	104	0	0	0	0	0	649712	641	2381	0	0	0				
2025-09-18 23:43:36	9024	104	0	0	0	0	0	649712	641	2381	0	0	0				
2025-09-18 23:44:36	9024	104	0	0	0	0	0	649712	641	2381	0	0	0				
2025-09-18 23:45:36	9024	104	0	0	0	0	0	649716	641	2381	0	0	0				
2025-09-18 23:46:36	9024	104	0	0	0	0	0	649716	641	2381	0	0	0				
2025-09-18 23:47:36	9024	104	0	0	0	0	0	649716	641	2381	0	0	0				
2025-09-18 23:48:36	9024	104	0	0	0	0	0	649724	641	2381	0	0	0				
2025-09-18 23:49:36	9024	104	0	0	0	0	0	649724	641	2381	0	0	0				
2025-09-18 23:50:36	9024	104	0	0	0	0	0	649724	641	2381	0	0	0				
2025-09-18 23:51:36	9024	104	0	0	0	0	0	649724	641	2381	0	0	0				
2025-09-18 23:52:36	9024	104	0	0	0	0	0	649724	641	2381	0	0	0				
2025-09-18 23:53:36	9024	104	0	0	0	0	0	649724	641	2381	0	0	0				
2025-09-18 23:54:36	9024	104	0	0	0	0	0	649724	641	2381	0	0	0				
2025-09-18 23:55:36	9024	104	0	0	0	0	0	649696	641	2381	0	0	0				
2025-09-18 23:56:36	9024	104	0	0	0	0	0	649716	641	2381	0	0	0				
2025-09-18 23:57:36	9024	104	0	0	0	0	0	649720	641	2381	0	0	0				
2025-09-18 23:58:36	9024	104	0	0	0	0	0	649720	641	2381	0	0	0				
2025-09-18 23:59:36	9024	104	0	0	0	0	0	649720	641	2381	0	0	0				
