2025-09-28 23:04:16	4960	101	0	0	0	4960	0	0	0	0	0	0	0			Main	KitekatGS
2025-09-28 23:04:16	4960	102	0	0	0	0	0	0	0	0	0	0	0				START
2025-09-28 23:04:16	17448	101	0	0	0	17448	0	0	0	0	0	0	0			Scheduler 01	KitekatGS
2025-09-28 23:04:16	17448	104	0	0	0	0	0	11212	0	0	0	0	0				
2025-09-28 23:34:09	18624	101	0	0	0	18624	0	0	0	0	0	0	0			Main	KitekatGS
2025-09-28 23:34:09	18624	102	0	0	0	0	0	0	0	0	0	0	0				START
2025-09-28 23:34:09	20016	101	0	0	0	20016	0	0	0	0	0	0	0			Scheduler 01	KitekatGS
2025-09-28 23:34:09	20016	104	0	0	0	0	0	12180	0	0	0	0	0				
2025-09-28 23:52:21	22416	101	0	0	0	22416	0	0	0	0	0	0	0			Main	KitekatGS
2025-09-28 23:52:21	22416	102	0	0	0	0	0	0	0	0	0	0	0				START
2025-09-28 23:52:21	22468	101	0	0	0	22468	0	0	0	0	0	0	0			Scheduler 01	KitekatGS
2025-09-28 23:52:21	22468	104	0	0	0	0	0	10360	0	0	0	0	0				
