2025-09-28 21:00:03	15568	101	0	0	0	15568	0	0	0	0	0	0	0			Main	KitekatGS
2025-09-28 21:00:03	15568	102	0	0	0	0	0	0	0	0	0	0	0				START
2025-09-28 21:00:03	12760	101	0	0	0	12760	0	0	0	0	0	0	0			Scheduler 01	KitekatGS
2025-09-28 21:00:03	12760	104	0	0	0	0	0	10084	0	0	0	0	0				
2025-09-28 21:01:11	5940	101	0	0	0	5940	0	0	0	0	0	0	0			Main	KitekatGS
2025-09-28 21:01:11	5940	102	0	0	0	0	0	0	0	0	0	0	0				START
2025-09-28 21:01:11	15452	101	0	0	0	15452	0	0	0	0	0	0	0			Scheduler 01	KitekatGS
2025-09-28 21:01:11	15452	104	0	0	0	0	0	11068	0	0	0	0	0				
2025-09-28 21:01:52	17852	101	0	0	0	17852	0	0	0	0	0	0	0			Main	KitekatGS
2025-09-28 21:01:52	17852	102	0	0	0	0	0	0	0	0	0	0	0				START
2025-09-28 21:01:52	14376	101	0	0	0	14376	0	0	0	0	0	0	0			Scheduler 01	KitekatGS
2025-09-28 21:01:52	14376	104	0	0	0	0	0	11092	0	0	0	0	0				
2025-09-28 21:02:02	14376	3600	0	0	4	1759118522	4105152000	4105152000	0	0	0	0	0				
2025-09-28 21:02:02	14376	3300	2016039	0	276	100000	0	86400	0	0	0	1	568	AutoRegister	SVR180000001		
2025-09-28 21:02:02	14376	3300	2016038	0	277	100000	0	86400	0	0	0	1	569	AutoRegister	SVR180000001		
2025-09-28 21:02:02	14376	3300	2016037	0	278	100000	0	86400	0	0	0	1	570	AutoRegister	SVR180000001		
2025-09-28 21:02:02	14376	3300	2016030	0	279	100000	0	86400	0	0	0	1	571	AutoRegister	SVR180000001		
2025-09-28 21:02:02	14376	3300	2016031	0	280	100000	0	86400	0	0	0	1	572	AutoRegister	SVR180000001		
2025-09-28 21:02:02	14376	3300	2016032	0	281	100000	0	86400	0	0	0	1	573	AutoRegister	SVR180000001		
2025-09-28 21:02:02	14376	3300	2016032	0	282	100000	0	86400	0	0	0	1	574	AutoRegister	SVR180000001		
2025-09-28 21:02:02	14376	3300	910005	0	283	100000	0	86400	0	0	0	1	575	AutoRegister	SVR180000001		
2025-09-28 21:02:02	14376	3306	950019	0	251	0	0	0	0	0	0	0	534			SVR180000001	
2025-09-28 21:02:02	14376	3306	2016027	0	238	0	0	0	0	0	0	0	521			SVR180000001	
2025-09-28 21:02:02	14376	3306	2016028	0	239	0	0	0	0	0	0	0	522			SVR180000001	
2025-09-28 21:02:02	14376	3306	2016039	0	240	0	0	0	0	0	0	0	523			SVR180000001	
2025-09-28 21:02:02	14376	3306	2016038	0	241	0	0	0	0	0	0	0	524			SVR180000001	
2025-09-28 21:02:02	14376	3306	2016037	0	242	0	0	0	0	0	0	0	525			SVR180000001	
2025-09-28 21:02:02	14376	3306	2016030	0	243	0	0	0	0	0	0	0	526			SVR180000001	
2025-09-28 21:02:02	14376	3306	2016031	0	244	0	0	0	0	0	0	0	527			SVR180000001	
2025-09-28 21:02:02	14376	3306	2016032	0	245	0	0	0	0	0	0	0	528			SVR180000001	
2025-09-28 21:02:02	14376	3306	2016033	0	246	0	0	0	0	0	0	0	529			SVR180000001	
2025-09-28 21:02:02	14376	3306	2016034	0	247	0	0	0	0	0	0	0	530			SVR180000001	
2025-09-28 21:02:02	14376	3306	2016035	0	248	0	0	0	0	0	0	0	531			SVR180000001	
2025-09-28 21:02:02	14376	3306	601100285	0	249	0	0	0	0	0	0	0	532			SVR180000001	
2025-09-28 21:02:02	14376	3306	910005	0	250	0	0	0	0	0	0	0	533			SVR180000001	
2025-09-28 21:02:02	14376	3306	705008	0	252	0	0	0	0	0	0	0	535			SVR180000001	
2025-09-28 21:02:02	14376	3306	2016027	0	261	0	0	0	0	0	0	0	552			SVR180000001	
2025-09-28 21:02:02	14376	3306	2016028	0	262	0	0	0	0	0	0	0	553			SVR180000001	
2025-09-28 21:02:02	14376	3306	2016039	0	263	0	0	0	0	0	0	0	554			SVR180000001	
2025-09-28 21:02:02	14376	3306	2016038	0	264	0	0	0	0	0	0	0	555			SVR180000001	
2025-09-28 21:02:02	14376	3306	2016037	0	265	0	0	0	0	0	0	0	556			SVR180000001	
2025-09-28 21:02:02	14376	3306	2016030	0	266	0	0	0	0	0	0	0	557			SVR180000001	
2025-09-28 21:02:02	14376	3306	2016031	0	267	0	0	0	0	0	0	0	558			SVR180000001	
2025-09-28 21:02:02	14376	3306	2016032	0	268	0	0	0	0	0	0	0	559			SVR180000001	
2025-09-28 21:02:02	14376	3306	2016033	0	269	0	0	0	0	0	0	0	560			SVR180000001	
2025-09-28 21:02:02	14376	3306	2016034	0	270	0	0	0	0	0	0	0	561			SVR180000001	
2025-09-28 21:02:02	14376	3306	2016035	0	271	0	0	0	0	0	0	0	562			SVR180000001	
2025-09-28 21:02:02	14376	3306	705007	0	272	0	0	0	0	0	0	0	563			SVR180000001	
2025-09-28 21:02:02	14376	3306	705004	0	273	0	0	0	0	0	0	0	564			SVR180000001	
2025-09-28 21:02:02	14376	3306	705002	0	274	0	0	0	0	0	0	0	565			SVR180000001	
2025-09-28 21:02:02	14376	3306	705011	0	275	0	0	0	0	0	0	0	566			SVR180000001	
2025-09-28 21:02:18	17852	2201	0	0	0	0	0	0	0	0	0	0	0	@system_window	admin_input		#refresh('script')
2025-09-28 21:02:40	18140	101	0	0	0	18140	0	0	0	0	0	0	0			IOCP 02	KitekatGS
2025-09-28 21:02:40	18140	110	1	0	0	0	0	0	0	0	0	0	0	fraun	2C-F0-5D-E0-C8-8C|Windows  (6.2.9200)|NVIDIA GeForce RTX 4060Drv Version : 32767.65535.65535.65535	192.168.122.1	
2025-09-28 21:02:41	13740	101	0	0	0	13740	0	0	0	0	0	0	0				KitekatGS
2025-09-28 21:02:41	13740	2101	1	1	0	0	0	275638	4080793412	0	154126	76583	0	fraun	Fraun		
2025-09-28 21:02:41	13740	2103	1	1	300	105	1349000	320	4080793412	0	0	0	272233208401492000	fraun	Fraun		
2025-09-28 21:02:52	14376	104	0	0	0	1	0	1438892	1168	43740	0	0	0				
2025-09-28 21:02:54	18140	2201	1	1	100	0	0	0	0	0	0	0	0	fraun	Fraun		/run neofetch()
2025-09-28 21:02:54	18140	2201	1	1	100	0	0	0	0	0	0	0	0	fraun	Fraun		/run neofetch()
2025-09-28 21:03:29	17852	102	0	0	0	0	0	0	0	0	0	0	0				END
2025-09-28 21:03:39	17768	101	0	0	0	17768	0	0	0	0	0	0	0			Main	KitekatGS
2025-09-28 21:03:39	17768	102	0	0	0	0	0	0	0	0	0	0	0				START
2025-09-28 21:03:39	15684	101	0	0	0	15684	0	0	0	0	0	0	0			Scheduler 01	KitekatGS
2025-09-28 21:03:39	15684	104	0	0	0	0	0	11592	0	0	0	0	0				
2025-09-28 21:03:49	7040	101	0	0	0	7040	0	0	0	0	0	0	0			Scheduler 02	KitekatGS
2025-09-28 21:03:49	7040	3600	0	0	4	1759118629	4105152000	4105152000	0	0	0	0	0				
2025-09-28 21:04:00	9532	101	0	0	0	9532	0	0	0	0	0	0	0			IOCP 02	KitekatGS
2025-09-28 21:04:00	9532	110	1	0	0	0	0	0	0	0	0	0	0	fraun	2C-F0-5D-E0-C8-8C|Windows  (6.2.9200)|NVIDIA GeForce RTX 4060Drv Version : 32767.65535.65535.65535	192.168.122.1	
2025-09-28 21:04:01	17868	101	0	0	0	17868	0	0	0	0	0	0	0				KitekatGS
2025-09-28 21:04:01	17868	2101	1	1	0	0	0	275638	4080793412	0	154126	76583	0	fraun	Fraun		
2025-09-28 21:04:01	17868	2103	1	1	300	105	1349000	320	4080793412	0	0	0	272233208401492000	fraun	Fraun		
2025-09-28 21:04:10	9532	2201	1	1	100	0	0	0	0	0	0	0	0	fraun	Fraun		/run neofetch()
2025-09-28 21:04:10	9532	2201	1	1	100	0	0	0	0	0	0	0	0	fraun	Fraun		/run neofetch()
2025-09-28 21:04:14	17768	102	0	0	0	0	0	0	0	0	0	0	0				END
2025-09-28 21:04:25	13612	101	0	0	0	13612	0	0	0	0	0	0	0			Main	KitekatGS
2025-09-28 21:04:25	13612	102	0	0	0	0	0	0	0	0	0	0	0				START
2025-09-28 21:04:25	7572	101	0	0	0	7572	0	0	0	0	0	0	0			Scheduler 01	KitekatGS
2025-09-28 21:04:25	7572	104	0	0	0	0	0	10100	0	0	0	0	0				
2025-09-28 21:04:35	12192	101	0	0	0	12192	0	0	0	0	0	0	0			Scheduler 02	KitekatGS
2025-09-28 21:04:35	12192	3600	0	0	4	1759118675	4105152000	4105152000	0	0	0	0	0				
2025-09-28 21:04:51	3688	101	0	0	0	3688	0	0	0	0	0	0	0			IOCP 03	KitekatGS
2025-09-28 21:04:51	3688	110	1	0	0	0	0	0	0	0	0	0	0	fraun	2C-F0-5D-E0-C8-8C|Windows  (6.2.9200)|NVIDIA GeForce RTX 4060Drv Version : 32767.65535.65535.65535	192.168.122.1	
2025-09-28 21:04:52	10124	101	0	0	0	10124	0	0	0	0	0	0	0				KitekatGS
2025-09-28 21:04:52	10124	2101	1	1	0	0	0	275638	4080793412	0	154126	76583	0	fraun	Fraun		
2025-09-28 21:04:52	10124	2103	1	1	300	105	1349000	320	4080793412	0	0	0	272233208401492000	fraun	Fraun		
2025-09-28 21:05:00	14904	101	0	0	0	14904	0	0	0	0	0	0	0			IOCP 00	KitekatGS
2025-09-28 21:05:00	14904	2201	1	1	100	0	0	0	0	0	0	0	0	fraun	Fraun		/run neofetch()
2025-09-28 21:05:00	14904	2201	1	1	100	0	0	0	0	0	0	0	0	fraun	Fraun		/run neofetch()
2025-09-28 21:05:05	13612	102	0	0	0	0	0	0	0	0	0	0	0				END
2025-09-28 21:05:16	15764	101	0	0	0	15764	0	0	0	0	0	0	0			Main	KitekatGS
2025-09-28 21:05:16	15764	102	0	0	0	0	0	0	0	0	0	0	0				START
2025-09-28 21:05:16	4224	101	0	0	0	4224	0	0	0	0	0	0	0			Scheduler 01	KitekatGS
2025-09-28 21:05:16	4224	104	0	0	0	0	0	11680	0	0	0	0	0				
2025-09-28 21:05:26	11272	101	0	0	0	11272	0	0	0	0	0	0	0			Scheduler 02	KitekatGS
2025-09-28 21:05:26	11272	3600	0	0	4	1759118726	4105152000	4105152000	0	0	0	0	0				
2025-09-28 21:05:41	11296	101	0	0	0	11296	0	0	0	0	0	0	0			IOCP 02	KitekatGS
2025-09-28 21:05:41	11296	110	1	0	0	0	0	0	0	0	0	0	0	fraun	2C-F0-5D-E0-C8-8C|Windows  (6.2.9200)|NVIDIA GeForce RTX 4060Drv Version : 32767.65535.65535.65535	192.168.122.1	
2025-09-28 21:05:42	2904	101	0	0	0	2904	0	0	0	0	0	0	0				KitekatGS
2025-09-28 21:05:42	2904	2101	1	1	0	0	0	275638	4080793412	0	154126	76583	0	fraun	Fraun		
2025-09-28 21:05:42	2904	2103	1	1	300	105	1349000	320	4080793412	0	0	0	272233208401492000	fraun	Fraun		
2025-09-28 21:05:48	11296	2201	1	1	100	0	0	0	0	0	0	0	0	fraun	Fraun		/run neofetch()
2025-09-28 21:05:48	11296	2201	1	1	100	0	0	0	0	0	0	0	0	fraun	Fraun		/run neofetch()
2025-09-28 21:05:51	15764	102	0	0	0	0	0	0	0	0	0	0	0				END
2025-09-28 21:06:27	9512	101	0	0	0	9512	0	0	0	0	0	0	0			Main	KitekatGS
2025-09-28 21:06:27	9512	102	0	0	0	0	0	0	0	0	0	0	0				START
2025-09-28 21:06:27	17052	101	0	0	0	17052	0	0	0	0	0	0	0			Scheduler 01	KitekatGS
2025-09-28 21:06:27	17052	104	0	0	0	0	0	10888	0	0	0	0	0				
2025-09-28 21:12:11	17852	101	0	0	0	17852	0	0	0	0	0	0	0			Main	KitekatGS
2025-09-28 21:12:11	17852	102	0	0	0	0	0	0	0	0	0	0	0				START
2025-09-28 21:12:11	3360	101	0	0	0	3360	0	0	0	0	0	0	0			Scheduler 01	KitekatGS
2025-09-28 21:12:11	3360	104	0	0	0	0	0	11440	0	0	0	0	0				
2025-09-28 21:12:21	3360	3600	0	0	4	1759119141	4105152000	4105152000	0	0	0	0	0				
2025-09-28 21:12:29	12928	101	0	0	0	12928	0	0	0	0	0	0	0			IOCP 02	KitekatGS
2025-09-28 21:12:29	12928	110	1	0	0	0	0	0	0	0	0	0	0	fraun	2C-F0-5D-E0-C8-8C|Windows  (6.2.9200)|NVIDIA GeForce RTX 4060Drv Version : 32767.65535.65535.65535	192.168.122.1	
2025-09-28 21:12:30	15840	101	0	0	0	15840	0	0	0	0	0	0	0				KitekatGS
2025-09-28 21:12:30	15840	2101	1	1	0	0	0	275638	4080793412	0	154126	76583	0	fraun	Fraun		
2025-09-28 21:12:30	15840	2103	1	1	300	105	1349000	320	4080793412	0	0	0	272233208401492000	fraun	Fraun		
2025-09-28 21:12:49	12808	101	0	0	0	12808	0	0	0	0	0	0	0			IOCP 01	KitekatGS
2025-09-28 21:12:49	12808	2201	1	1	100	0	0	0	0	0	0	0	0	fraun	Fraun		/run notice(require)
2025-09-28 21:12:49	12808	2201	1	1	100	0	0	0	0	0	0	0	0	fraun	Fraun		/run notice(require)
2025-09-28 21:13:11	3360	104	0	0	0	1	0	1417268	1546	44037	0	0	0				
2025-09-28 21:14:11	3360	104	0	0	0	1	0	1419204	1906	44508	0	0	0				
2025-09-28 21:15:11	3360	104	0	0	0	1	0	1419204	2233	44979	0	0	0				
2025-09-28 21:16:11	3360	104	0	0	0	1	0	1419208	2583	45450	0	0	0				
2025-09-28 21:17:11	3360	104	0	0	0	1	0	1419208	2937	45921	0	0	0				
2025-09-28 21:17:33	12808	2201	1	1	100	0	0	0	0	0	0	0	0	fraun	Fraun		/run notice(string)
2025-09-28 21:17:33	12808	2201	1	1	100	0	0	0	0	0	0	0	0	fraun	Fraun		/run notice(string)
2025-09-28 21:18:11	3360	104	0	0	0	1	0	1204876	3498	46542	0	0	0				
2025-09-28 21:19:11	3360	104	0	0	0	1	0	1204876	3833	47013	0	0	0				
2025-09-28 21:20:11	3360	104	0	0	0	1	0	1204888	4140	47484	0	0	0				
2025-09-28 21:20:27	12808	2201	1	1	100	0	0	0	0	0	0	0	0	fraun	Fraun		/run refresh('script')
2025-09-28 21:20:27	12808	2201	1	1	100	0	0	0	0	0	0	0	0	fraun	Fraun		/run refresh('script')
2025-09-28 21:20:28	12808	2201	1	1	100	0	0	0	0	0	0	0	0	fraun	Fraun		/run globalcheck()
2025-09-28 21:20:28	12808	2201	1	1	100	0	0	0	0	0	0	0	0	fraun	Fraun		/run globalcheck()
2025-09-28 21:20:59	12928	2201	1	1	100	0	0	0	0	0	0	0	0	fraun	Fraun		/run refresh('script')
2025-09-28 21:20:59	12928	2201	1	1	100	0	0	0	0	0	0	0	0	fraun	Fraun		/run refresh('script')
2025-09-28 21:21:00	12928	2201	1	1	100	0	0	0	0	0	0	0	0	fraun	Fraun		/run os_library_test()
2025-09-28 21:21:00	12928	2201	1	1	100	0	0	0	0	0	0	0	0	fraun	Fraun		/run os_library_test()
2025-09-28 21:21:11	3360	104	0	0	0	1	0	1260336	4980	48665	0	0	0				
2025-09-28 21:22:11	3360	104	0	0	0	1	0	1260336	5365	49136	0	0	0				
2025-09-28 21:23:11	3360	104	0	0	0	1	0	1260396	5691	49622	0	0	0				
2025-09-28 21:24:11	3360	104	0	0	0	1	0	1260372	6053	50093	0	0	0				
2025-09-28 21:25:11	3360	104	0	0	0	1	0	1260376	6419	50564	0	0	0				
2025-09-28 21:26:11	3360	104	0	0	0	1	0	1260376	6775	51035	0	0	0				
2025-09-28 21:27:11	3360	104	0	0	0	1	0	1260376	7121	51506	0	0	0				
2025-09-28 21:27:53	13216	101	0	0	0	13216	0	0	0	0	0	0	0			Scheduler 02	KitekatGS
2025-09-28 21:27:53	13216	2102	1	1	300	320	0	292138	4080793412	0	154134	76562	923	fraun	Fraun		
2025-09-28 21:27:53	13216	2103	1	1	300	105	1349000	320	4080793412	0	0	0	272233208401492000	fraun	Fraun		
2025-09-28 21:28:11	3360	104	0	0	0	0	0	1260408	7359	51914	0	0	0				
2025-09-28 21:29:11	3360	104	0	0	0	0	0	1260440	7359	51914	0	0	0				
2025-09-28 21:30:11	3360	104	0	0	0	0	0	1260628	7359	51914	0	0	0				
2025-09-28 21:31:08	17852	102	0	0	0	0	0	0	0	0	0	0	0				END
2025-09-28 21:32:57	5744	101	0	0	0	5744	0	0	0	0	0	0	0			Main	KitekatGS
2025-09-28 21:32:57	5744	102	0	0	0	0	0	0	0	0	0	0	0				START
2025-09-28 21:32:57	15980	101	0	0	0	15980	0	0	0	0	0	0	0			Scheduler 01	KitekatGS
2025-09-28 21:32:57	15980	104	0	0	0	0	0	11564	0	0	0	0	0				
2025-09-28 21:33:08	15980	3600	0	0	4	1759120388	4105152000	4105152000	0	0	0	0	0				
2025-09-28 21:33:57	15980	104	0	0	0	0	0	1389076	9	307	0	0	0				
2025-09-28 21:34:57	15980	104	0	0	0	0	0	1390852	9	307	0	0	0				
2025-09-28 21:35:57	15980	104	0	0	0	0	0	1390872	9	307	0	0	0				
2025-09-28 21:36:57	15980	104	0	0	0	0	0	1391396	9	307	0	0	0				
2025-09-28 21:37:48	10888	101	0	0	0	10888	0	0	0	0	0	0	0			IOCP 01	KitekatGS
2025-09-28 21:37:48	10888	110	1	0	0	0	0	0	0	0	0	0	0	fraun	2C-F0-5D-E0-C8-8C|Windows  (6.2.9200)|NVIDIA GeForce RTX 4060Drv Version : 32767.65535.65535.65535	192.168.122.1	
2025-09-28 21:37:51	4044	101	0	0	0	4044	0	0	0	0	0	0	0				KitekatGS
2025-09-28 21:37:51	4044	2101	1	1	0	0	0	292138	4080793412	0	154134	76562	0	fraun	Fraun		
2025-09-28 21:37:51	4044	2103	1	1	300	105	1349000	320	4080793412	0	0	0	272233208401492000	fraun	Fraun		
2025-09-28 21:37:57	15980	104	0	0	0	1	1	1402784	1193	43740	0	0	0				
2025-09-28 21:38:57	15980	104	0	0	0	1	0	1402872	1566	43990	0	0	0				
2025-09-28 21:40:07	15980	104	0	0	0	1	0	1402872	1618	43990	0	0	0				
2025-09-28 21:40:16	13236	101	0	0	0	13236	0	0	0	0	0	0	0			IOCP 03	KitekatGS
2025-09-28 21:40:16	13236	2201	1	1	100	0	0	0	0	0	0	0	0	fraun	Fraun		/run notice("dasdas")
2025-09-28 21:40:16	13236	2201	1	1	100	0	0	0	0	0	0	0	0	fraun	Fraun		/run notice("dasdas")
2025-09-28 21:43:58	15980	104	0	0	0	1	0	1412892	2209	44303	0	0	0				
2025-09-28 21:44:14	16204	101	0	0	0	16204	0	0	0	0	0	0	0			IOCP 02	KitekatGS
2025-09-28 21:44:14	16204	2702	1	1	0	11405	0	4080793412	0	0	153774	76583	0	fraun	Fraun		NPC_Creature_Enchanter_gaia_contact()
2025-09-28 21:44:15	16204	2703	1	1	0	11405	0	4080793412	0	4080793412	153774	76583	0	fraun	Fraun		Gaia_show(1)
2025-09-28 21:44:16	16204	2702	1	1	0	11405	0	4080793412	0	0	153774	76583	0	fraun	Fraun		NPC_Creature_Enchanter_gaia_contact()
2025-09-28 21:44:18	16204	2703	1	1	0	11405	0	4080793412	0	4080793412	153774	76583	0	fraun	Fraun		open_market( 'creature_enchant' )
2025-09-28 21:44:21	16204	2404	1	1	1	710001	1	1	360000	4080433412	536928843	0	577	fraun	Fraun	creature_enchant	
2025-09-28 21:46:32	15980	104	0	0	0	1	0	1423360	4776	48021	0	0	0				
2025-09-28 21:46:41	9984	101	0	0	0	9984	0	0	0	0	0	0	0			IOCP 00	KitekatGS
2025-09-28 21:46:41	9984	2201	1	1	100	0	0	0	0	0	0	0	0	fraun	Fraun		/run notice("dasdas")
2025-09-28 21:46:41	9984	2201	1	1	100	0	0	0	0	0	0	0	0	fraun	Fraun		/run notice("dasdas")
2025-09-28 21:48:59	15980	104	0	0	0	1	0	1433316	5885	49205	0	0	0				
2025-09-28 21:50:01	15980	104	0	0	0	1	0	1433372	6902	49752	0	0	0				
2025-09-28 21:51:06	15980	104	0	0	0	1	0	1433372	6990	49767	0	0	0				
2025-09-28 21:51:20	5744	102	0	0	0	0	0	0	0	0	0	0	0				END
2025-09-28 21:51:41	13132	101	0	0	0	13132	0	0	0	0	0	0	0			Main	KitekatGS
2025-09-28 21:51:41	13132	102	0	0	0	0	0	0	0	0	0	0	0				START
2025-09-28 21:51:41	17996	101	0	0	0	17996	0	0	0	0	0	0	0			Scheduler 01	KitekatGS
2025-09-28 21:51:41	17996	104	0	0	0	0	0	9848	0	0	0	0	0				
2025-09-28 21:51:52	10892	101	0	0	0	10892	0	0	0	0	0	0	0			Scheduler 00	KitekatGS
2025-09-28 21:51:52	10892	3600	0	0	4	1759121512	4105152000	4105152000	0	0	0	0	0				
2025-09-28 21:51:59	12212	101	0	0	0	12212	0	0	0	0	0	0	0			IOCP 00	KitekatGS
2025-09-28 21:51:59	12212	110	1	0	0	0	0	0	0	0	0	0	0	fraun	2C-F0-5D-E0-C8-8C|Windows  (6.2.9200)|NVIDIA GeForce RTX 4060Drv Version : 32767.65535.65535.65535	192.168.122.1	
2025-09-28 21:52:00	7468	101	0	0	0	7468	0	0	0	0	0	0	0				KitekatGS
2025-09-28 21:52:00	7468	2101	1	1	0	0	0	297638	4080433412	0	153734	76648	0	fraun	Fraun		
2025-09-28 21:52:00	7468	2103	1	1	300	105	1349000	320	4080433412	0	0	0	272233208401492000	fraun	Fraun		
2025-09-28 21:53:29	17996	104	0	0	0	1	0	1398604	1011	42583	0	0	0				
2025-09-28 21:53:36	13592	101	0	0	0	13592	0	0	0	0	0	0	0			IOCP 01	KitekatGS
2025-09-28 21:53:36	13592	2201	1	1	100	0	0	0	0	0	0	0	0	fraun	Fraun		/run notice("dasda")
2025-09-28 21:53:36	13592	2201	1	1	100	0	0	0	0	0	0	0	0	fraun	Fraun		/run notice("dasda")
2025-09-28 21:54:09	13592	2201	1	1	100	0	0	0	0	0	0	0	0	fraun	Fraun		/run notice('dasdA')
2025-09-28 21:54:09	13592	2201	1	1	100	0	0	0	0	0	0	0	0	fraun	Fraun		/run notice('dasdA')
2025-09-28 21:54:18	12212	2702	1	1	0	11405	0	4080433412	0	0	153640	76502	0	fraun	Fraun		NPC_Creature_Enchanter_gaia_contact()
2025-09-28 21:54:19	12212	2703	1	1	0	11405	0	4080433412	0	4080433412	153640	76502	0	fraun	Fraun		open_market( 'creature_enchant' )
2025-09-28 21:54:29	17996	104	0	0	0	1	0	1422260	2655	44661	0	0	0				
2025-09-28 21:56:02	17996	104	0	0	0	1	0	1422260	2704	44742	0	0	0				
